delta_seconds,AQGR0,AQH0,AQP0,AQT0,BT1,BT2,DPP0,DPT0,TRHH0,TRHSN,TRHT0,AQGR0_std,AQH0_std,AQP0_std,AQT0_std,BT1_std,BT2_std,DPP0_std,DPT0_std,TRHH0_std,TRHSN_std,TRHT0_std,median_time_AmbientSamplingRFC,median_time_BreathSampleCollection,median_time_FeNOWindow,median_time_FeNOMeasurement,median_time_CleaningCycle,min_time_AmbientSamplingRFC,min_time_BreathSampleCollection,min_time_FeNOWindow,min_time_FeNOMeasurement,min_time_CleaningCycle,max_time_AmbientSamplingRFC,max_time_BreathSampleCollection,max_time_FeNOWindow,max_time_FeNOMeasurement,max_time_CleaningCycle,event_name,unadjusted_delta_seconds
0.0,0.0,0.0,0.0,0.0,33.970699310302734,35.582420349121094,0.0,0.0,0.0,0.0,0.0,0.0,0.0,0.0,0.0,0.16117095947265625,0.0,0.0,0.0,0.0,0.0,0.0,0.0,31.184869357731504,39.66230957148376,43.90102967835988,75.38866475801112,0.0,30.88210363581178,39.359543849564034,43.598263956440164,75.08589903609139,0.0,31.487635079651227,39.96507529340348,43.90102967835988,75.38866475801112,AmbientSamplingRFC,0.0
0.30276572191972334,0.0,0.0,0.0,0.0,33.97081360029455,35.631015178271205,0.0,0.0,0.0,0.0,0.0,0.0,0.0,0.0,0.0,0.0005663988326887193,0.080379792842173,0.0,0.0,0.0,0.0,0.0,0.0,31.184869357731504,39.66230957148376,43.90102967835988,75.38866475801112,0.0,30.88210363581178,39.359543849564034,43.598263956440164,75.08589903609139,0.0,31.487635079651227,39.96507529340348,43.90102967835988,75.38866475801112,AmbientSamplingRFC,0.30276572191972334
0.6055314438394467,0.0,0.0,0.0,0.0,33.946855570912895,35.65477984767055,0.0,0.0,0.0,0.0,0.0,0.0,0.0,0.0,0.0,0.07910947293024861,0.003330795064528047,0.0,0.0,0.0,0.0,0.0,0.0,31.184869357731504,39.66230957148376,43.90102967835988,75.38866475801112,0.0,30.88210363581178,39.359543849564034,43.598263956440164,75.08589903609139,0.0,31.487635079651227,39.96507529340348,43.90102967835988,75.38866475801112,AmbientSamplingRFC,0.6055314438394467
0.9082971657591701,0.0,0.0,0.0,0.0,33.97021817359253,35.6316793022011,0.0,0.0,0.0,0.0,0.0,0.0,0.0,0.0,0.0,0.00044553153963988734,0.2398066140277848,0.0,0.0,0.0,0.0,0.0,0.0,31.184869357731504,39.66230957148376,43.90102967835988,75.38866475801112,0.0,30.88210363581178,39.359543849564034,43.598263956440164,75.08589903609139,0.0,31.487635079651227,39.96507529340348,43.90102967835988,75.38866475801112,AmbientSamplingRFC,0.9082971657591701
1.2110628876788934,0.0,0.0,0.0,0.0,33.97192378250857,35.679507807291486,0.0,0.0,0.0,0.0,0.0,0.0,0.0,0.0,0.0,0.004810258326578776,0.15853706034531712,0.0,0.0,0.0,0.0,0.0,0.0,31.184869357731504,39.66230957148376,43.90102967835988,75.38866475801112,0.0,30.88210363581178,39.359543849564034,43.598263956440164,75.08589903609139,0.0,31.487635079651227,39.96507529340348,43.90102967835988,75.38866475801112,AmbientSamplingRFC,1.2110628876788934
1.5138286095986166,0.0,0.0,0.0,0.0,34.00119161938484,35.70935396781215,0.0,0.0,0.0,0.0,0.0,0.0,0.0,0.0,0.0,0.0769326066689544,0.15376341669239935,0.0,0.0,0.0,0.0,0.0,0.0,31.184869357731504,39.66230957148376,43.90102967835988,75.38866475801112,0.0,30.88210363581178,39.359543849564034,43.598263956440164,75.08589903609139,0.0,31.487635079651227,39.96507529340348,43.90102967835988,75.38866475801112,AmbientSamplingRFC,1.5138286095986166
1.8165943315183402,0.0,0.0,0.0,0.0,33.940286400627045,35.62968821321241,0.0,0.0,0.0,0.0,0.0,0.0,0.0,0.0,0.0,0.22487482003356263,0.08058547973632812,0.0,0.0,0.0,0.0,0.0,0.0,31.184869357731504,39.66230957148376,43.90102967835988,75.38866475801112,0.0,30.88210363581178,39.359543849564034,43.598263956440164,75.08589903609139,0.0,31.487635079651227,39.96507529340348,43.90102967835988,75.38866475801112,AmbientSamplingRFC,1.8165943315183402
2.119360053438063,0.0,0.0,0.0,0.0,33.984018209341926,35.599749579531945,0.0,0.0,0.0,0.0,0.0,0.0,0.0,0.0,0.0,0.07676638292213767,0.003844557459622422,0.0,0.0,0.0,0.0,0.0,0.0,31.184869357731504,39.66230957148376,43.90102967835988,75.38866475801112,0.0,30.88210363581178,39.359543849564034,43.598263956440164,75.08589903609139,0.0,31.487635079651227,39.96507529340348,43.90102967835988,75.38866475801112,AmbientSamplingRFC,2.119360053438063
2.4221257753577867,0.0,0.0,0.0,0.0,33.92278474723507,35.630332815997846,0.0,0.0,0.0,0.0,0.0,0.0,0.0,0.0,0.0,0.0040361518661953255,0.0684500141577189,0.0,0.0,0.0,0.0,0.0,0.0,31.184869357731504,39.66230957148376,43.90102967835988,75.38866475801112,0.0,30.88210363581178,39.359543849564034,43.598263956440164,75.08589903609139,0.0,31.487635079651227,39.96507529340348,43.90102967835988,75.38866475801112,AmbientSamplingRFC,2.4221257753577867
2.7248914972775102,0.0,0.0,0.0,0.0,33.938509857180755,35.61640754130342,0.0,0.0,0.0,0.0,0.0,0.0,0.0,0.0,0.0,0.07609303943410595,0.004492440302222178,0.0,0.0,0.0,0.0,0.0,0.0,31.184869357731504,39.66230957148376,43.90102967835988,75.38866475801112,0.0,30.88210363581178,39.359543849564034,43.598263956440164,75.08589903609139,0.0,31.487635079651227,39.96507529340348,43.90102967835988,75.38866475801112,AmbientSamplingRFC,2.7248914972775102
3.0276572191972333,0.0,0.0,0.0,0.0,33.94229754538341,35.646725899241616,0.0,0.0,0.0,0.0,0.0,0.0,0.0,0.0,0.0,0.07059544013795716,0.08503049146590058,0.0,0.0,0.0,0.0,0.0,0.0,31.184869357731504,39.66230957148376,43.90102967835988,75.38866475801112,0.0,30.88210363581178,39.359543849564034,43.598263956440164,75.08589903609139,0.0,31.487635079651227,39.96507529340348,43.90102967835988,75.38866475801112,AmbientSamplingRFC,3.0276572191972333
3.330422941116957,0.0,0.0,0.0,0.0,33.998862686903614,35.6459188874154,0.0,0.0,0.0,0.0,0.0,0.0,0.0,0.0,0.0,0.069686191606948,0.0712561156170537,0.0,0.0,0.0,0.0,0.0,0.0,31.184869357731504,39.66230957148376,43.90102967835988,75.38866475801112,0.0,30.88210363581178,39.359543849564034,43.598263956440164,75.08589903609139,0.0,31.487635079651227,39.96507529340348,43.90102967835988,75.38866475801112,AmbientSamplingRFC,3.330422941116957
3.6331886630366803,0.0,0.0,0.0,0.0,33.94084509167927,35.63076831987529,0.0,0.0,0.0,0.0,0.0,0.0,0.0,0.0,0.0,0.07489381781705617,0.08163955266419265,0.0,0.0,0.0,0.0,0.0,0.0,31.184869357731504,39.66230957148376,43.90102967835988,75.38866475801112,0.0,30.88210363581178,39.359543849564034,43.598263956440164,75.08589903609139,0.0,31.487635079651227,39.96507529340348,43.90102967835988,75.38866475801112,AmbientSamplingRFC,3.6331886630366803
3.9359543849564034,0.0,0.0,0.0,0.0,33.96993768998881,35.63602359628545,0.0,0.0,0.0,0.0,0.0,0.0,0.0,0.0,0.0,0.005877756292449021,0.20948946096871168,0.0,0.0,0.0,0.0,0.0,0.0,31.184869357731504,39.66230957148376,43.90102967835988,75.38866475801112,0.0,30.88210363581178,39.359543849564034,43.598263956440164,75.08589903609139,0.0,31.487635079651227,39.96507529340348,43.90102967835988,75.38866475801112,AmbientSamplingRFC,3.9359543849564034
4.238720106876126,0.0,0.0,0.0,0.0,33.95186757450089,35.67604271032757,0.0,0.0,0.0,0.0,0.0,0.0,0.0,0.0,0.0,0.07419251588345332,0.14794100085861572,0.0,0.0,0.0,0.0,0.0,0.0,31.184869357731504,39.66230957148376,43.90102967835988,75.38866475801112,0.0,30.88210363581178,39.359543849564034,43.598263956440164,75.08589903609139,0.0,31.487635079651227,39.96507529340348,43.90102967835988,75.38866475801112,AmbientSamplingRFC,4.238720106876126
4.54148582879585,0.0,0.0,0.0,0.0,33.92202457174224,35.64561302832173,0.0,0.0,0.0,0.0,0.0,0.0,0.0,0.0,0.0,0.09436929007183892,0.020676041747300644,0.0,0.0,0.0,0.0,0.0,0.0,31.184869357731504,39.66230957148376,43.90102967835988,75.38866475801112,0.0,30.88210363581178,39.359543849564034,43.598263956440164,75.08589903609139,0.0,31.487635079651227,39.96507529340348,43.90102967835988,75.38866475801112,AmbientSamplingRFC,4.54148582879585
4.8442515507155735,0.0,0.0,0.0,0.0,33.92379591242986,35.62778474768611,0.0,0.0,0.0,0.0,0.0,0.0,0.0,0.0,0.0,0.06540771461826012,0.1447084335722053,0.0,0.0,0.0,0.0,0.0,0.0,31.184869357731504,39.66230957148376,43.90102967835988,75.38866475801112,0.0,30.88210363581178,39.359543849564034,43.598263956440164,75.08589903609139,0.0,31.487635079651227,39.96507529340348,43.90102967835988,75.38866475801112,AmbientSamplingRFC,4.8442515507155735
5.1470172726352965,0.0,0.0,0.0,0.0,33.94516729400455,35.60968131509951,0.0,0.0,0.0,0.0,0.0,0.0,0.0,0.0,0.0,0.07249532483434962,0.14705342210753258,0.0,0.0,0.0,0.0,0.0,0.0,31.184869357731504,39.66230957148376,43.90102967835988,75.38866475801112,0.0,30.88210363581178,39.359543849564034,43.598263956440164,75.08589903609139,0.0,31.487635079651227,39.96507529340348,43.90102967835988,75.38866475801112,AmbientSamplingRFC,5.1470172726352965
5.4497829945550205,0.0,0.0,0.0,0.0,33.99882414324316,35.70254680406141,0.0,0.0,0.0,0.0,0.0,0.0,0.0,0.0,0.0,0.05354158414215959,0.09760755266398036,0.0,0.0,0.0,0.0,0.0,0.0,31.184869357731504,39.66230957148376,43.90102967835988,75.38866475801112,0.0,30.88210363581178,39.359543849564034,43.598263956440164,75.08589903609139,0.0,31.487635079651227,39.96507529340348,43.90102967835988,75.38866475801112,AmbientSamplingRFC,5.4497829945550205
5.7525487164747435,0.0,0.0,0.0,0.0,33.96368118625845,35.63090902905633,0.0,0.0,0.0,0.0,0.0,0.0,0.0,0.0,0.0,0.1518905431680153,0.08058547973632812,0.0,0.0,0.0,0.0,0.0,0.0,31.184869357731504,39.66230957148376,43.90102967835988,75.38866475801112,0.0,30.88210363581178,39.359543849564034,43.598263956440164,75.08589903609139,0.0,31.487635079651227,39.96507529340348,43.90102967835988,75.38866475801112,AmbientSamplingRFC,5.7525487164747435
6.055314438394467,0.0,0.0,0.0,0.0,33.91172058594278,35.634780883370624,0.0,0.0,0.0,0.0,0.0,0.0,0.0,0.0,0.0,0.08058547973632812,0.0806477813103541,0.0,0.0,0.0,0.0,0.0,0.0,31.184869357731504,39.66230957148376,43.90102967835988,75.38866475801112,0.0,30.88210363581178,39.359543849564034,43.598263956440164,75.08589903609139,0.0,31.487635079651227,39.96507529340348,43.90102967835988,75.38866475801112,AmbientSamplingRFC,6.055314438394467
6.3580801603141905,0.0,0.0,0.0,0.0,33.95876742100874,35.66467718115946,0.0,0.0,0.0,0.0,0.0,0.0,0.0,0.0,0.0,0.0,0.14286523369553805,0.0,0.0,0.0,0.0,0.0,0.0,31.184869357731504,39.66230957148376,43.90102967835988,75.38866475801112,0.0,30.88210363581178,39.359543849564034,43.598263956440164,75.08589903609139,0.0,31.487635079651227,39.96507529340348,43.90102967835988,75.38866475801112,AmbientSamplingRFC,6.3580801603141905
6.660845882233914,0.0,0.0,0.0,0.0,33.986831653636095,35.67689152999468,0.0,0.0,0.0,0.0,0.0,0.0,0.0,0.0,0.0,0.021871514434621986,0.09122174322610022,0.0,0.0,0.0,0.0,0.0,0.0,31.184869357731504,39.66230957148376,43.90102967835988,75.38866475801112,0.0,30.88210363581178,39.359543849564034,43.598263956440164,75.08589903609139,0.0,31.487635079651227,39.96507529340348,43.90102967835988,75.38866475801112,AmbientSamplingRFC,6.660845882233914
6.963611604153637,0.0,0.0,0.0,0.0,33.98886100059356,35.6655389256893,0.0,0.0,0.0,0.0,0.0,0.0,0.0,0.0,0.0,0.03342203317485115,0.14087408963960968,0.0,0.0,0.0,0.0,0.0,0.0,31.184869357731504,39.66230957148376,43.90102967835988,75.38866475801112,0.0,30.88210363581178,39.359543849564034,43.598263956440164,75.08589903609139,0.0,31.487635079651227,39.96507529340348,43.90102967835988,75.38866475801112,AmbientSamplingRFC,6.963611604153637
7.266377326073361,0.0,0.0,0.0,0.0,33.99632382963018,35.67240732423691,0.0,0.0,0.0,0.0,0.0,0.0,0.0,0.0,0.0,0.021477400607864183,0.012410853545745226,0.0,0.0,0.0,0.0,0.0,0.0,31.184869357731504,39.66230957148376,43.90102967835988,75.38866475801112,0.0,30.88210363581178,39.359543849564034,43.598263956440164,75.08589903609139,0.0,31.487635079651227,39.96507529340348,43.90102967835988,75.38866475801112,AmbientSamplingRFC,7.266377326073361
7.569143047993084,0.0,0.0,0.0,0.0,33.954161066892915,35.63303683536352,0.0,0.0,0.0,0.0,0.0,0.0,0.0,0.0,0.0,0.09244310873481254,0.08058547973632812,0.0,0.0,0.0,0.0,0.0,0.0,31.184869357731504,39.66230957148376,43.90102967835988,75.38866475801112,0.0,30.88210363581178,39.359543849564034,43.598263956440164,75.08589903609139,0.0,31.487635079651227,39.96507529340348,43.90102967835988,75.38866475801112,AmbientSamplingRFC,7.569143047993084
7.871908769912807,0.0,0.0,0.0,0.0,33.961895326171025,35.65145359440321,0.0,0.0,0.0,0.0,0.0,0.0,0.0,0.0,0.0,0.05592161141947116,0.057455676055369054,0.0,0.0,0.0,0.0,0.0,0.0,31.184869357731504,39.66230957148376,43.90102967835988,75.38866475801112,0.0,30.88210363581178,39.359543849564034,43.598263956440164,75.08589903609139,0.0,31.487635079651227,39.96507529340348,43.90102967835988,75.38866475801112,AmbientSamplingRFC,7.871908769912807
8.17467449183253,0.0,0.0,0.0,0.0,34.00043430863197,35.670004344356556,0.0,0.0,0.0,0.0,0.0,0.0,0.0,0.0,0.0,0.06755406021724042,0.06675406783026006,0.0,0.0,0.0,0.0,0.0,0.0,31.184869357731504,39.66230957148376,43.90102967835988,75.38866475801112,0.0,30.88210363581178,39.359543849564034,43.598263956440164,75.08589903609139,0.0,31.487635079651227,39.96507529340348,43.90102967835988,75.38866475801112,AmbientSamplingRFC,8.17467449183253
8.477440213752253,0.0,0.0,0.0,0.0,33.98410606378873,35.623962842110224,0.0,0.0,0.0,0.0,0.0,0.0,0.0,0.0,0.0,0.027272581693331688,0.06694951163446916,0.0,0.0,0.0,0.0,0.0,0.0,31.184869357731504,39.66230957148376,43.90102967835988,75.38866475801112,0.0,30.88210363581178,39.359543849564034,43.598263956440164,75.08589903609139,0.0,31.487635079651227,39.96507529340348,43.90102967835988,75.38866475801112,AmbientSamplingRFC,8.477440213752253
8.780205935671978,0.0,0.0,0.0,0.0,33.95980421930231,35.62834150690584,0.0,0.0,0.0,0.0,0.0,0.0,0.0,0.0,0.0,0.08058547973632812,0.01353133582520627,0.0,0.0,0.0,0.0,0.0,0.0,31.184869357731504,39.66230957148376,43.90102967835988,75.38866475801112,0.0,30.88210363581178,39.359543849564034,43.598263956440164,75.08589903609139,0.0,31.487635079651227,39.96507529340348,43.90102967835988,75.38866475801112,AmbientSamplingRFC,8.780205935671978
9.0829716575917,0.0,0.0,0.0,0.0,33.90334100497268,35.617483259512724,0.0,0.0,0.0,0.0,0.0,0.0,0.0,0.0,0.0,0.0,0.05209394295421532,0.0,0.0,0.0,0.0,0.0,0.0,31.184869357731504,39.66230957148376,43.90102967835988,75.38866475801112,0.0,30.88210363581178,39.359543849564034,43.598263956440164,75.08589903609139,0.0,31.487635079651227,39.96507529340348,43.90102967835988,75.38866475801112,AmbientSamplingRFC,9.0829716575917
9.385737379511424,0.0,0.0,0.0,0.0,33.90153732390307,35.633450077709604,0.0,0.0,0.0,0.0,0.0,0.0,0.0,0.0,0.0,0.028075970021738783,0.024351700622368355,0.0,0.0,0.0,0.0,0.0,0.0,31.184869357731504,39.66230957148376,43.90102967835988,75.38866475801112,0.0,30.88210363581178,39.359543849564034,43.598263956440164,75.08589903609139,0.0,31.487635079651227,39.96507529340348,43.90102967835988,75.38866475801112,AmbientSamplingRFC,9.385737379511424
9.688503101431147,0.0,0.0,0.0,0.0,33.95446892250343,35.64673120850011,0.0,0.0,0.0,0.0,0.0,0.0,0.0,0.0,0.0,0.09982236242519349,0.16117477416992188,0.0,0.0,0.0,0.0,0.0,0.0,31.184869357731504,39.66230957148376,43.90102967835988,75.38866475801112,0.0,30.88210363581178,39.359543849564034,43.598263956440164,75.08589903609139,0.0,31.487635079651227,39.96507529340348,43.90102967835988,75.38866475801112,AmbientSamplingRFC,9.688503101431147
9.99126882335087,0.0,0.0,0.0,0.0,33.94129443070327,35.656109357203206,0.0,0.0,0.0,0.0,0.0,0.0,0.0,0.0,0.0,0.16698347806424607,0.11901571379311804,0.0,0.0,0.0,0.0,0.0,0.0,31.184869357731504,39.66230957148376,43.90102967835988,75.38866475801112,0.0,30.88210363581178,39.359543849564034,43.598263956440164,75.08589903609139,0.0,31.487635079651227,39.96507529340348,43.90102967835988,75.38866475801112,AmbientSamplingRFC,9.99126882335087
10.294034545270593,0.0,0.0,0.0,0.0,33.895181108135354,35.691255985861275,0.0,0.0,0.0,0.0,0.0,0.0,0.0,0.0,0.0,0.1289182085967724,0.09714255135695993,0.0,0.0,0.0,0.0,0.0,0.0,31.184869357731504,39.66230957148376,43.90102967835988,75.38866475801112,0.0,30.88210363581178,39.359543849564034,43.598263956440164,75.08589903609139,0.0,31.487635079651227,39.96507529340348,43.90102967835988,75.38866475801112,AmbientSamplingRFC,10.294034545270593
10.596800267190316,0.0,0.0,0.0,0.0,33.97713441927249,35.66924110121356,0.0,0.0,0.0,0.0,0.0,0.0,0.0,0.0,0.0,0.016757581652655062,0.06468771038871068,0.0,0.0,0.0,0.0,0.0,0.0,31.184869357731504,39.66230957148376,43.90102967835988,75.38866475801112,0.0,30.88210363581178,39.359543849564034,43.598263956440164,75.08589903609139,0.0,31.487635079651227,39.96507529340348,43.90102967835988,75.38866475801112,AmbientSamplingRFC,10.596800267190316
10.899565989110041,0.0,0.0,0.0,0.0,33.94157548991775,35.63431212342968,0.0,0.0,0.0,0.0,0.0,0.0,0.0,0.0,0.0,0.06373516484374164,0.015679628998888973,0.0,0.0,0.0,0.0,0.0,0.0,31.184869357731504,39.66230957148376,43.90102967835988,75.38866475801112,0.0,30.88210363581178,39.359543849564034,43.598263956440164,75.08589903609139,0.0,31.487635079651227,39.96507529340348,43.90102967835988,75.38866475801112,AmbientSamplingRFC,10.899565989110041
11.202331711029764,0.0,0.0,0.0,0.0,33.95197822616255,35.633406855431865,0.0,0.0,0.0,0.0,0.0,0.0,0.0,0.0,0.0,0.03359886846902782,0.033059835159754414,0.0,0.0,0.0,0.0,0.0,0.0,31.184869357731504,39.66230957148376,43.90102967835988,75.38866475801112,0.0,30.88210363581178,39.359543849564034,43.598263956440164,75.08589903609139,0.0,31.487635079651227,39.96507529340348,43.90102967835988,75.38866475801112,AmbientSamplingRFC,11.202331711029764
11.505097432949487,0.0,0.0,0.0,0.0,33.94882836004912,35.592955164925215,0.0,0.0,0.0,0.0,0.0,0.0,0.0,0.0,0.0,0.15463682066949502,0.03580931656627229,0.0,0.0,0.0,0.0,0.0,0.0,31.184869357731504,39.66230957148376,43.90102967835988,75.38866475801112,0.0,30.88210363581178,39.359543849564034,43.598263956440164,75.08589903609139,0.0,31.487635079651227,39.96507529340348,43.90102967835988,75.38866475801112,AmbientSamplingRFC,11.505097432949487
11.80786315486921,0.0,0.0,0.0,0.0,33.9757513643264,35.63101500269711,0.0,0.0,0.0,0.0,0.0,0.0,0.0,0.0,0.0,0.12409316164851703,0.06194324181901578,0.0,0.0,0.0,0.0,0.0,0.0,31.184869357731504,39.66230957148376,43.90102967835988,75.38866475801112,0.0,30.88210363581178,39.359543849564034,43.598263956440164,75.08589903609139,0.0,31.487635079651227,39.96507529340348,43.90102967835988,75.38866475801112,AmbientSamplingRFC,11.80786315486921
12.110628876788933,0.0,0.0,0.0,0.0,33.93485177509475,35.63451703609165,0.0,0.0,0.0,0.0,0.0,0.0,0.0,0.0,0.0,0.06167630392478429,0.0990438417515378,0.0,0.0,0.0,0.0,0.0,0.0,31.184869357731504,39.66230957148376,43.90102967835988,75.38866475801112,0.0,30.88210363581178,39.359543849564034,43.598263956440164,75.08589903609139,0.0,31.487635079651227,39.96507529340348,43.90102967835988,75.38866475801112,AmbientSamplingRFC,12.110628876788933
12.413394598708656,0.0,0.0,0.0,0.0,33.9370564056233,35.639207325582795,0.0,0.0,0.0,0.0,0.0,0.0,0.0,0.0,0.0,0.04330416621601785,0.1415242129567389,0.0,0.0,0.0,0.0,0.0,0.0,31.184869357731504,39.66230957148376,43.90102967835988,75.38866475801112,0.0,30.88210363581178,39.359543849564034,43.598263956440164,75.08589903609139,0.0,31.487635079651227,39.96507529340348,43.90102967835988,75.38866475801112,AmbientSamplingRFC,12.413394598708656
12.716160320628381,0.0,0.0,0.0,0.0,33.98666623074076,35.61051150736171,0.0,0.0,0.0,0.0,0.0,0.0,0.0,0.0,0.0,0.019858460639262887,0.0813913345336914,0.0,0.0,0.0,0.0,0.0,0.0,31.184869357731504,39.66230957148376,43.90102967835988,75.38866475801112,0.0,30.88210363581178,39.359543849564034,43.598263956440164,75.08589903609139,0.0,31.487635079651227,39.96507529340348,43.90102967835988,75.38866475801112,AmbientSamplingRFC,12.716160320628381
13.018926042548104,0.0,0.0,0.0,0.0,33.99492042818804,35.60280086274238,0.0,0.0,0.0,0.0,0.0,0.0,0.0,0.0,0.0,0.08058547973632812,0.019524186458511394,0.0,0.0,0.0,0.0,0.0,0.0,31.184869357731504,39.66230957148376,43.90102967835988,75.38866475801112,0.0,30.88210363581178,39.359543849564034,43.598263956440164,75.08589903609139,0.0,31.487635079651227,39.96507529340348,43.90102967835988,75.38866475801112,AmbientSamplingRFC,13.018926042548104
13.321691764467827,0.0,0.0,0.0,0.0,34.01491803833515,35.61478791327837,0.0,0.0,0.0,0.0,0.0,0.0,0.0,0.0,0.0,0.08058547973632812,0.06058856388253275,0.0,0.0,0.0,0.0,0.0,0.0,31.184869357731504,39.66230957148376,43.90102967835988,75.38866475801112,0.0,30.88210363581178,39.359543849564034,43.598263956440164,75.08589903609139,0.0,31.487635079651227,39.96507529340348,43.90102967835988,75.38866475801112,AmbientSamplingRFC,13.321691764467827
13.62445748638755,0.0,0.0,0.0,0.0,33.99450345662467,35.635461673212724,0.0,0.0,0.0,0.0,0.0,0.0,0.0,0.0,0.0,0.05951036580484015,0.020538862322787566,0.0,0.0,0.0,0.0,0.0,0.0,31.184869357731504,39.66230957148376,43.90102967835988,75.38866475801112,0.0,30.88210363581178,39.359543849564034,43.598263956440164,75.08589903609139,0.0,31.487635079651227,39.96507529340348,43.90102967835988,75.38866475801112,AmbientSamplingRFC,13.62445748638755
13.927223208307273,0.0,0.0,0.0,0.0,33.96210789086446,35.661422450916795,0.0,0.0,0.0,0.0,0.0,0.0,0.0,0.0,0.0,0.021265874103384874,0.04068388140098733,0.0,0.0,0.0,0.0,0.0,0.0,31.184869357731504,39.66230957148376,43.90102967835988,75.38866475801112,0.0,30.88210363581178,39.359543849564034,43.598263956440164,75.08589903609139,0.0,31.487635079651227,39.96507529340348,43.90102967835988,75.38866475801112,AmbientSamplingRFC,13.927223208307273
14.229988930226996,0.0,0.0,0.0,0.0,33.947159096000114,35.58792926163659,0.0,0.0,0.0,0.0,0.0,0.0,0.0,0.0,0.0,0.08058547973632812,0.20418117228096833,0.0,0.0,0.0,0.0,0.0,0.0,31.184869357731504,39.66230957148376,43.90102967835988,75.38866475801112,0.0,30.88210363581178,39.359543849564034,43.598263956440164,75.08589903609139,0.0,31.487635079651227,39.96507529340348,43.90102967835988,75.38866475801112,AmbientSamplingRFC,14.229988930226996
14.532754652146721,0.0,0.0,0.0,0.0,33.97964468088104,35.646834243081685,0.0,0.0,0.0,0.0,0.0,0.0,0.0,0.0,0.0,0.022155559281252124,0.23370349209172758,0.0,0.0,0.0,0.0,0.0,0.0,31.184869357731504,39.66230957148376,43.90102967835988,75.38866475801112,0.0,30.88210363581178,39.359543849564034,43.598263956440164,75.08589903609139,0.0,31.487635079651227,39.96507529340348,43.90102967835988,75.38866475801112,AmbientSamplingRFC,14.532754652146721
14.835520374066444,0.0,0.0,0.0,0.0,33.99808012655601,35.6558050782783,0.0,0.0,0.0,0.0,0.0,0.0,0.0,0.0,0.0,0.03574559793652554,0.16117477416992188,0.0,0.0,0.0,0.0,0.0,0.0,31.184869357731504,39.66230957148376,43.90102967835988,75.38866475801112,0.0,30.88210363581178,39.359543849564034,43.598263956440164,75.08589903609139,0.0,31.487635079651227,39.96507529340348,43.90102967835988,75.38866475801112,AmbientSamplingRFC,14.835520374066444
15.138286095986167,0.0,0.0,0.0,0.0,33.99188151025765,35.669892828366756,0.0,0.0,0.0,0.0,0.0,0.0,0.0,0.0,0.0,0.08100736397657471,0.16117477416992188,0.0,0.0,0.0,0.0,0.0,0.0,31.184869357731504,39.66230957148376,43.90102967835988,75.38866475801112,0.0,30.88210363581178,39.359543849564034,43.598263956440164,75.08589903609139,0.0,31.487635079651227,39.96507529340348,43.90102967835988,75.38866475801112,AmbientSamplingRFC,15.138286095986167
15.44105181790589,0.0,0.0,0.0,0.0,33.99845439282396,35.63767379455048,0.0,0.0,0.0,0.0,0.0,0.0,0.0,0.0,0.0,0.09114651916399197,0.09148712648804036,0.0,0.0,0.0,0.0,0.0,0.0,31.184869357731504,39.66230957148376,43.90102967835988,75.38866475801112,0.0,30.88210363581178,39.359543849564034,43.598263956440164,75.08589903609139,0.0,31.487635079651227,39.96507529340348,43.90102967835988,75.38866475801112,AmbientSamplingRFC,15.44105181790589
15.743817539825613,0.0,0.0,0.0,0.0,33.97293358631997,35.642386173032335,0.0,0.0,0.0,0.0,0.0,0.0,0.0,0.0,0.0,0.06798517309478314,0.0464064660641057,0.0,0.0,0.0,0.0,0.0,0.0,31.184869357731504,39.66230957148376,43.90102967835988,75.38866475801112,0.0,30.88210363581178,39.359543849564034,43.598263956440164,75.08589903609139,0.0,31.487635079651227,39.96507529340348,43.90102967835988,75.38866475801112,AmbientSamplingRFC,15.743817539825613
16.046583261745337,0.0,0.0,0.0,0.0,33.948149601963145,35.702229459187635,0.0,0.0,0.0,0.0,0.0,0.0,0.0,0.0,0.0,0.033588626442679015,0.023378328683207883,0.0,0.0,0.0,0.0,0.0,0.0,31.184869357731504,39.66230957148376,43.90102967835988,75.38866475801112,0.0,30.88210363581178,39.359543849564034,43.598263956440164,75.08589903609139,0.0,31.487635079651227,39.96507529340348,43.90102967835988,75.38866475801112,AmbientSamplingRFC,16.046583261745337
16.34934898366506,0.0,0.0,0.0,0.0,33.970950130594495,35.65946885479467,0.0,0.0,0.0,0.0,0.0,0.0,0.0,0.0,0.0,0.0859274266674106,0.056582564016345316,0.0,0.0,0.0,0.0,0.0,0.0,31.184869357731504,39.66230957148376,43.90102967835988,75.38866475801112,0.0,30.88210363581178,39.359543849564034,43.598263956440164,75.08589903609139,0.0,31.487635079651227,39.96507529340348,43.90102967835988,75.38866475801112,AmbientSamplingRFC,16.34934898366506
16.652114705584783,0.0,0.0,0.0,0.0,33.95547283492502,35.59905671035476,0.0,0.0,0.0,0.0,0.0,0.0,0.0,0.0,0.0,0.05163633106177201,0.0,0.0,0.0,0.0,0.0,0.0,0.0,31.184869357731504,39.66230957148376,43.90102967835988,75.38866475801112,0.0,30.88210363581178,39.359543849564034,43.598263956440164,75.08589903609139,0.0,31.487635079651227,39.96507529340348,43.90102967835988,75.38866475801112,AmbientSamplingRFC,16.652114705584783
16.954880427504506,0.0,0.0,0.0,0.0,33.94809279575768,35.576857328255926,0.0,0.0,0.0,0.0,0.0,0.0,0.0,0.0,0.0,0.031017176368344224,0.0,0.0,0.0,0.0,0.0,0.0,0.0,31.184869357731504,39.66230957148376,43.90102967835988,75.38866475801112,0.0,30.88210363581178,39.359543849564034,43.598263956440164,75.08589903609139,0.0,31.487635079651227,39.96507529340348,43.90102967835988,75.38866475801112,AmbientSamplingRFC,16.954880427504506
17.25764614942423,0.0,0.0,0.0,0.0,34.00837920209298,35.60378207558419,0.0,0.0,0.0,0.0,0.0,0.0,0.0,0.0,0.0,0.027028985980429354,0.02667784968515008,0.0,0.0,0.0,0.0,0.0,0.0,31.184869357731504,39.66230957148376,43.90102967835988,75.38866475801112,0.0,30.88210363581178,39.359543849564034,43.598263956440164,75.08589903609139,0.0,31.487635079651227,39.96507529340348,43.90102967835988,75.38866475801112,AmbientSamplingRFC,17.25764614942423
17.560411871343955,0.0,0.0,0.0,0.0,33.986916613365295,35.61511914450715,0.0,0.0,0.0,0.0,0.0,0.0,0.0,0.0,0.0,0.05307578045983519,0.08058547973632812,0.0,0.0,0.0,0.0,0.0,0.0,31.184869357731504,39.66230957148376,43.90102967835988,75.38866475801112,0.0,30.88210363581178,39.359543849564034,43.598263956440164,75.08589903609139,0.0,31.487635079651227,39.96507529340348,43.90102967835988,75.38866475801112,AmbientSamplingRFC,17.560411871343955
17.86317759326368,0.0,0.0,0.0,0.0,33.94963371577965,35.6253117655714,0.0,0.0,0.0,0.0,0.0,0.0,0.0,0.0,0.0,0.053675466496436286,0.02649779872398028,0.0,0.0,0.0,0.0,0.0,0.0,31.184869357731504,39.66230957148376,43.90102967835988,75.38866475801112,0.0,30.88210363581178,39.359543849564034,43.598263956440164,75.08589903609139,0.0,31.487635079651227,39.96507529340348,43.90102967835988,75.38866475801112,AmbientSamplingRFC,17.86317759326368
18.1659433151834,0.0,0.0,0.0,0.0,33.98641253734867,35.641359861088645,0.0,0.0,0.0,0.0,0.0,0.0,0.0,0.0,0.0,0.024556570576201864,0.027112709438831928,0.0,0.0,0.0,0.0,0.0,0.0,31.184869357731504,39.66230957148376,43.90102967835988,75.38866475801112,0.0,30.88210363581178,39.359543849564034,43.598263956440164,75.08589903609139,0.0,31.487635079651227,39.96507529340348,43.90102967835988,75.38866475801112,AmbientSamplingRFC,18.1659433151834
18.468709037103125,0.0,0.0,0.0,0.0,33.95428392391852,35.636433084489326,0.0,0.0,0.0,0.0,0.0,0.0,0.0,0.0,0.0,0.10859589975964212,0.08058547973632812,0.0,0.0,0.0,0.0,0.0,0.0,31.184869357731504,39.66230957148376,43.90102967835988,75.38866475801112,0.0,30.88210363581178,39.359543849564034,43.598263956440164,75.08589903609139,0.0,31.487635079651227,39.96507529340348,43.90102967835988,75.38866475801112,AmbientSamplingRFC,18.468709037103125
18.771474759022848,0.0,0.0,0.0,0.0,33.971643334097905,35.67519458378454,0.0,0.0,0.0,0.0,0.0,0.0,0.0,0.0,0.0,0.02861863318494784,0.13312284659259888,0.0,0.0,0.0,0.0,0.0,0.0,31.184869357731504,39.66230957148376,43.90102967835988,75.38866475801112,0.0,30.88210363581178,39.359543849564034,43.598263956440164,75.08589903609139,0.0,31.487635079651227,39.96507529340348,43.90102967835988,75.38866475801112,AmbientSamplingRFC,18.771474759022848
19.07424048094257,0.0,0.0,0.0,0.0,34.00324722957745,35.699132902723086,0.0,0.0,0.0,0.0,0.0,0.0,0.0,0.0,0.0,0.10457694695525532,0.05675991883541798,0.0,0.0,0.0,0.0,0.0,0.0,31.184869357731504,39.66230957148376,43.90102967835988,75.38866475801112,0.0,30.88210363581178,39.359543849564034,43.598263956440164,75.08589903609139,0.0,31.487635079651227,39.96507529340348,43.90102967835988,75.38866475801112,AmbientSamplingRFC,19.07424048094257
19.377006202862294,0.0,0.0,0.0,0.0,33.985033877039314,35.60494935403936,0.0,0.0,0.0,0.0,0.0,0.0,0.0,0.0,0.0,0.0588094394203722,0.10153677524395022,0.0,0.0,0.0,0.0,0.0,0.0,31.184869357731504,39.66230957148376,43.90102967835988,75.38866475801112,0.0,30.88210363581178,39.359543849564034,43.598263956440164,75.08589903609139,0.0,31.487635079651227,39.96507529340348,43.90102967835988,75.38866475801112,AmbientSamplingRFC,19.377006202862294
19.679771924782017,0.0,0.0,0.0,0.0,33.93627320755634,35.56484454600943,0.0,0.0,0.0,0.0,0.0,0.0,0.0,0.0,0.0,0.08058547973632812,0.009649735244217084,0.0,0.0,0.0,0.0,0.0,0.0,31.184869357731504,39.66230957148376,43.90102967835988,75.38866475801112,0.0,30.88210363581178,39.359543849564034,43.598263956440164,75.08589903609139,0.0,31.487635079651227,39.96507529340348,43.90102967835988,75.38866475801112,AmbientSamplingRFC,19.679771924782017
19.98253764670174,0.0,0.0,0.0,0.0,33.92474940497423,35.60828823246186,0.0,0.0,0.0,0.0,0.0,0.0,0.0,0.0,0.0,0.00010242521272374461,0.03785100335257141,0.0,0.0,0.0,0.0,0.0,0.0,31.184869357731504,39.66230957148376,43.90102967835988,75.38866475801112,0.0,30.88210363581178,39.359543849564034,43.598263956440164,75.08589903609139,0.0,31.487635079651227,39.96507529340348,43.90102967835988,75.38866475801112,AmbientSamplingRFC,19.98253764670174
20.285303368621463,0.0,0.0,0.0,0.0,33.97320156100163,35.61712176048866,0.0,0.0,0.0,0.0,0.0,0.0,0.0,0.0,0.0,0.06254256142976544,0.06722325440485832,0.0,0.0,0.0,0.0,0.0,0.0,31.184869357731504,39.66230957148376,43.90102967835988,75.38866475801112,0.0,30.88210363581178,39.359543849564034,43.598263956440164,75.08589903609139,0.0,31.487635079651227,39.96507529340348,43.90102967835988,75.38866475801112,AmbientSamplingRFC,20.285303368621463
20.588069090541186,0.0,0.0,0.0,0.0,33.9777946680252,35.646835541174354,0.0,0.0,0.0,0.0,0.0,0.0,0.0,0.0,0.0,0.08079412757254545,0.03166745802980131,0.0,0.0,0.0,0.0,0.0,0.0,31.184869357731504,39.66230957148376,43.90102967835988,75.38866475801112,0.0,30.88210363581178,39.359543849564034,43.598263956440164,75.08589903609139,0.0,31.487635079651227,39.96507529340348,43.90102967835988,75.38866475801112,AmbientSamplingRFC,20.588069090541186
20.89083481246091,0.0,0.0,0.0,0.0,33.931942104550366,35.65347731791638,0.0,0.0,0.0,0.0,0.0,0.0,0.0,0.0,0.0,0.04872046332088331,0.06373876817239932,0.0,0.0,0.0,0.0,0.0,0.0,31.184869357731504,39.66230957148376,43.90102967835988,75.38866475801112,0.0,30.88210363581178,39.359543849564034,43.598263956440164,75.08589903609139,0.0,31.487635079651227,39.96507529340348,43.90102967835988,75.38866475801112,AmbientSamplingRFC,20.89083481246091
21.193600534380632,0.0,0.0,0.0,0.0,33.92893457104693,35.64987802304262,0.0,0.0,0.0,0.0,0.0,0.0,0.0,0.0,0.0,0.08058547973632812,0.11351978161271603,0.0,0.0,0.0,0.0,0.0,0.0,31.184869357731504,39.66230957148376,43.90102967835988,75.38866475801112,0.0,30.88210363581178,39.359543849564034,43.598263956440164,75.08589903609139,0.0,31.487635079651227,39.96507529340348,43.90102967835988,75.38866475801112,AmbientSamplingRFC,21.193600534380632
21.49636625630036,0.0,0.0,0.0,0.0,33.94508983965851,35.63710294133153,0.0,0.0,0.0,0.0,0.0,0.0,0.0,0.0,0.0,0.08058547973632812,0.09492599368552845,0.0,0.0,0.0,0.0,0.0,0.0,31.184869357731504,39.66230957148376,43.90102967835988,75.38866475801112,0.0,30.88210363581178,39.359543849564034,43.598263956440164,75.08589903609139,0.0,31.487635079651227,39.96507529340348,43.90102967835988,75.38866475801112,AmbientSamplingRFC,21.49636625630036
21.799131978220082,0.0,0.0,0.0,0.0,33.941351867970624,35.63381334384373,0.0,0.0,0.0,0.0,0.0,0.0,0.0,0.0,0.0,0.06593122615115021,0.03706304727262477,0.0,0.0,0.0,0.0,0.0,0.0,31.184869357731504,39.66230957148376,43.90102967835988,75.38866475801112,0.0,30.88210363581178,39.359543849564034,43.598263956440164,75.08589903609139,0.0,31.487635079651227,39.96507529340348,43.90102967835988,75.38866475801112,AmbientSamplingRFC,21.799131978220082
22.101897700139805,0.0,0.0,0.0,0.0,33.962594219660915,35.64134982228838,0.0,0.0,0.0,0.0,0.0,0.0,0.0,0.0,0.0,0.0806141682204995,0.06140601409088475,0.0,0.0,0.0,0.0,0.0,0.0,31.184869357731504,39.66230957148376,43.90102967835988,75.38866475801112,0.0,30.88210363581178,39.359543849564034,43.598263956440164,75.08589903609139,0.0,31.487635079651227,39.96507529340348,43.90102967835988,75.38866475801112,AmbientSamplingRFC,22.101897700139805
22.404663422059528,0.0,0.0,0.0,0.0,33.984830023343875,35.63800632268365,0.0,0.0,0.0,0.0,0.0,0.0,0.0,0.0,0.0,0.08089644311210265,0.04571529553538056,0.0,0.0,0.0,0.0,0.0,0.0,31.184869357731504,39.66230957148376,43.90102967835988,75.38866475801112,0.0,30.88210363581178,39.359543849564034,43.598263956440164,75.08589903609139,0.0,31.487635079651227,39.96507529340348,43.90102967835988,75.38866475801112,AmbientSamplingRFC,22.404663422059528
22.70742914397925,0.0,0.0,0.0,0.0,33.94514581746678,35.58910071331665,0.0,0.0,0.0,0.0,0.0,0.0,0.0,0.0,0.0,0.045398500935988295,0.03321889327028771,0.0,0.0,0.0,0.0,0.0,0.0,31.184869357731504,39.66230957148376,43.90102967835988,75.38866475801112,0.0,30.88210363581178,39.359543849564034,43.598263956440164,75.08589903609139,0.0,31.487635079651227,39.96507529340348,43.90102967835988,75.38866475801112,AmbientSamplingRFC,22.70742914397925
23.010194865898974,0.0,0.0,0.0,0.0,33.94770174150516,35.61280752638229,0.0,0.0,0.0,0.0,0.0,0.0,0.0,0.0,0.0,0.04614999717565382,0.04495676171910645,0.0,0.0,0.0,0.0,0.0,0.0,31.184869357731504,39.66230957148376,43.90102967835988,75.38866475801112,0.0,30.88210363581178,39.359543849564034,43.598263956440164,75.08589903609139,0.0,31.487635079651227,39.96507529340348,43.90102967835988,75.38866475801112,AmbientSamplingRFC,23.010194865898974
23.312960587818697,0.0,0.0,0.0,0.0,33.95305424892385,35.63100903719901,0.0,0.0,0.0,0.0,0.0,0.0,0.0,0.0,0.0,0.08034698179842792,0.04445304214540613,0.0,0.0,0.0,0.0,0.0,0.0,31.184869357731504,39.66230957148376,43.90102967835988,75.38866475801112,0.0,30.88210363581178,39.359543849564034,43.598263956440164,75.08589903609139,0.0,31.487635079651227,39.96507529340348,43.90102967835988,75.38866475801112,AmbientSamplingRFC,23.312960587818697
23.61572630973842,0.0,0.0,0.0,0.0,33.977633304126655,35.65280454087512,0.0,0.0,0.0,0.0,0.0,0.0,0.0,0.0,0.0,0.028787286008999047,0.07267625436591629,0.0,0.0,0.0,0.0,0.0,0.0,31.184869357731504,39.66230957148376,43.90102967835988,75.38866475801112,0.0,30.88210363581178,39.359543849564034,43.598263956440164,75.08589903609139,0.0,31.487635079651227,39.96507529340348,43.90102967835988,75.38866475801112,AmbientSamplingRFC,23.61572630973842
23.918492031658143,0.0,0.0,0.0,0.0,33.949903967285955,35.679207595214585,0.0,0.0,0.0,0.0,0.0,0.0,0.0,0.0,0.0,0.07975819264905226,0.16117477416992188,0.0,0.0,0.0,0.0,0.0,0.0,31.184869357731504,39.66230957148376,43.90102967835988,75.38866475801112,0.0,30.88210363581178,39.359543849564034,43.598263956440164,75.08589903609139,0.0,31.487635079651227,39.96507529340348,43.90102967835988,75.38866475801112,AmbientSamplingRFC,23.918492031658143
24.221257753577866,0.0,0.0,0.0,0.0,33.94372488614688,35.664103844863995,0.0,0.0,0.0,0.0,0.0,0.0,0.0,0.0,0.0,0.08058547973632812,0.0860717450719406,0.0,0.0,0.0,0.0,0.0,0.0,31.184869357731504,39.66230957148376,43.90102967835988,75.38866475801112,0.0,30.88210363581178,39.359543849564034,43.598263956440164,75.08589903609139,0.0,31.487635079651227,39.96507529340348,43.90102967835988,75.38866475801112,AmbientSamplingRFC,24.221257753577866
24.52402347549759,0.0,0.0,0.0,0.0,33.94933913635238,35.66951858343292,0.0,0.0,0.0,0.0,0.0,0.0,0.0,0.0,0.0,0.07317557886742776,0.04216936148635142,0.0,0.0,0.0,0.0,0.0,0.0,31.184869357731504,39.66230957148376,43.90102967835988,75.38866475801112,0.0,30.88210363581178,39.359543849564034,43.598263956440164,75.08589903609139,0.0,31.487635079651227,39.96507529340348,43.90102967835988,75.38866475801112,AmbientSamplingRFC,24.52402347549759
24.826789197417312,0.0,0.0,0.0,0.0,33.920734964792054,35.69496694389183,0.0,0.0,0.0,0.0,0.0,0.0,0.0,0.0,0.0,0.042343494737068,0.08058929443359375,0.0,0.0,0.0,0.0,0.0,0.0,31.184869357731504,39.66230957148376,43.90102967835988,75.38866475801112,0.0,30.88210363581178,39.359543849564034,43.598263956440164,75.08589903609139,0.0,31.487635079651227,39.96507529340348,43.90102967835988,75.38866475801112,AmbientSamplingRFC,24.826789197417312
25.129554919337036,0.0,0.0,0.0,0.0,33.93886465217433,35.64948217709167,0.0,0.0,0.0,0.0,0.0,0.0,0.0,0.0,0.0,0.00426485338883964,0.034330817316117646,0.0,0.0,0.0,0.0,0.0,0.0,31.184869357731504,39.66230957148376,43.90102967835988,75.38866475801112,0.0,30.88210363581178,39.359543849564034,43.598263956440164,75.08589903609139,0.0,31.487635079651227,39.96507529340348,43.90102967835988,75.38866475801112,AmbientSamplingRFC,25.129554919337036
25.432320641256762,0.0,0.0,0.0,0.0,33.93071168633385,35.59056650025432,0.0,0.0,0.0,0.0,0.0,0.0,0.0,0.0,0.0,0.0025073771435657477,0.07665828914764461,0.0,0.0,0.0,0.0,0.0,0.0,31.184869357731504,39.66230957148376,43.90102967835988,75.38866475801112,0.0,30.88210363581178,39.359543849564034,43.598263956440164,75.08589903609139,0.0,31.487635079651227,39.96507529340348,43.90102967835988,75.38866475801112,AmbientSamplingRFC,25.432320641256762
25.735086363176485,0.0,0.0,0.0,0.0,33.93831256691195,35.59827951952691,0.0,0.0,0.0,0.0,0.0,0.0,0.0,0.0,0.0,0.08058547973632812,0.041070212786046056,0.0,0.0,0.0,0.0,0.0,0.0,31.184869357731504,39.66230957148376,43.90102967835988,75.38866475801112,0.0,30.88210363581178,39.359543849564034,43.598263956440164,75.08589903609139,0.0,31.487635079651227,39.96507529340348,43.90102967835988,75.38866475801112,AmbientSamplingRFC,25.735086363176485
26.03785208509621,0.0,0.0,0.0,0.0,33.95444650631796,35.63062249183775,0.0,0.0,0.0,0.0,0.0,0.0,0.0,0.0,0.0,0.07916764921922947,0.03998438895743561,0.0,0.0,0.0,0.0,0.0,0.0,31.184869357731504,39.66230957148376,43.90102967835988,75.38866475801112,0.0,30.88210363581178,39.359543849564034,43.598263956440164,75.08589903609139,0.0,31.487635079651227,39.96507529340348,43.90102967835988,75.38866475801112,AmbientSamplingRFC,26.03785208509621
26.34061780701593,0.0,0.0,0.0,0.0,33.93853310819112,35.646782582000625,0.0,0.0,0.0,0.0,0.0,0.0,0.0,0.0,0.0,0.0003308094636622627,0.04045759508261426,0.0,0.0,0.0,0.0,0.0,0.0,31.184869357731504,39.66230957148376,43.90102967835988,75.38866475801112,0.0,30.88210363581178,39.359543849564034,43.598263956440164,75.08589903609139,0.0,31.487635079651227,39.96507529340348,43.90102967835988,75.38866475801112,AmbientSamplingRFC,26.34061780701593
26.643383528935654,0.0,0.0,0.0,0.0,33.93882764178656,35.646835461331506,0.0,0.0,0.0,0.0,0.0,0.0,0.0,0.0,0.0,0.03992355992442498,0.041805019804876054,0.0,0.0,0.0,0.0,0.0,0.0,31.184869357731504,39.66230957148376,43.90102967835988,75.38866475801112,0.0,30.88210363581178,39.359543849564034,43.598263956440164,75.08589903609139,0.0,31.487635079651227,39.96507529340348,43.90102967835988,75.38866475801112,AmbientSamplingRFC,26.643383528935654
26.946149250855377,0.0,0.0,0.0,0.0,33.96275716290037,35.65522303073122,0.0,0.0,0.0,0.0,0.0,0.0,0.0,0.0,0.0,0.07991692896838742,0.039185556521388776,0.0,0.0,0.0,0.0,0.0,0.0,31.184869357731504,39.66230957148376,43.90102967835988,75.38866475801112,0.0,30.88210363581178,39.359543849564034,43.598263956440164,75.08589903609139,0.0,31.487635079651227,39.96507529340348,43.90102967835988,75.38866475801112,AmbientSamplingRFC,26.946149250855377
27.2489149727751,0.0,0.0,0.0,0.0,33.96251199411957,35.67135882792099,0.0,0.0,0.0,0.0,0.0,0.0,0.0,0.0,0.0,0.12233764495178434,0.08018670299160391,0.0,0.0,0.0,0.0,0.0,0.0,31.184869357731504,39.66230957148376,43.90102967835988,75.38866475801112,0.0,30.88210363581178,39.359543849564034,43.598263956440164,75.08589903609139,0.0,31.487635079651227,39.96507529340348,43.90102967835988,75.38866475801112,AmbientSamplingRFC,27.2489149727751
27.551680694694824,0.0,0.0,0.0,0.0,33.9712494124203,35.62866994259018,0.0,0.0,0.0,0.0,0.0,0.0,0.0,0.0,0.0,0.12306840301498312,0.11868983986531134,0.0,0.0,0.0,0.0,0.0,0.0,31.184869357731504,39.66230957148376,43.90102967835988,75.38866475801112,0.0,30.88210363581178,39.359543849564034,43.598263956440164,75.08589903609139,0.0,31.487635079651227,39.96507529340348,43.90102967835988,75.38866475801112,AmbientSamplingRFC,27.551680694694824
27.854446416614547,0.0,0.0,0.0,0.0,33.96968896193319,35.599446304326854,0.0,0.0,0.0,0.0,0.0,0.0,0.0,0.0,0.0,0.07684786484064432,0.07201757838817002,0.0,0.0,0.0,0.0,0.0,0.0,31.184869357731504,39.66230957148376,43.90102967835988,75.38866475801112,0.0,30.88210363581178,39.359543849564034,43.598263956440164,75.08589903609139,0.0,31.487635079651227,39.96507529340348,43.90102967835988,75.38866475801112,AmbientSamplingRFC,27.854446416614547
28.15721213853427,0.0,0.0,0.0,0.0,33.94600362491834,35.63148444949306,0.0,0.0,0.0,0.0,0.0,0.0,0.0,0.0,0.0,0.043017740142730077,0.03249645124108724,0.0,0.0,0.0,0.0,0.0,0.0,31.184869357731504,39.66230957148376,43.90102967835988,75.38866475801112,0.0,30.88210363581178,39.359543849564034,43.598263956440164,75.08589903609139,0.0,31.487635079651227,39.96507529340348,43.90102967835988,75.38866475801112,AmbientSamplingRFC,28.15721213853427
28.459977860453993,0.0,0.0,0.0,0.0,33.95572653561257,35.65999365603827,0.0,0.0,0.0,0.0,0.0,0.0,0.0,0.0,0.0,0.037363414864309163,0.04880496317977645,0.0,0.0,0.0,0.0,0.0,0.0,31.184869357731504,39.66230957148376,43.90102967835988,75.38866475801112,0.0,30.88210363581178,39.359543849564034,43.598263956440164,75.08589903609139,0.0,31.487635079651227,39.96507529340348,43.90102967835988,75.38866475801112,AmbientSamplingRFC,28.459977860453993
28.762743582373716,0.0,0.0,0.0,0.0,33.95364040937231,35.66682785903787,0.0,0.0,0.0,0.0,0.0,0.0,0.0,0.0,0.0,0.04321766128597915,0.02525391811989408,0.0,0.0,0.0,0.0,0.0,0.0,31.184869357731504,39.66230957148376,43.90102967835988,75.38866475801112,0.0,30.88210363581178,39.359543849564034,43.598263956440164,75.08589903609139,0.0,31.487635079651227,39.96507529340348,43.90102967835988,75.38866475801112,AmbientSamplingRFC,28.762743582373716
29.065509304293442,0.0,0.0,0.0,0.0,33.96508225266165,35.6721807961166,0.0,0.0,0.0,0.0,0.0,0.0,0.0,0.0,0.0,0.07301739118307182,0.08114990905629327,0.0,0.0,0.0,0.0,0.0,0.0,31.184869357731504,39.66230957148376,43.90102967835988,75.38866475801112,0.0,30.88210363581178,39.359543849564034,43.598263956440164,75.08589903609139,0.0,31.487635079651227,39.96507529340348,43.90102967835988,75.38866475801112,AmbientSamplingRFC,29.065509304293442
29.368275026213166,0.0,0.0,0.0,0.0,33.95994643135632,35.63392858965058,0.0,0.0,0.0,0.0,0.0,0.0,0.0,0.0,0.0,0.08058547973632812,0.04531929965038728,0.0,0.0,0.0,0.0,0.0,0.0,31.184869357731504,39.66230957148376,43.90102967835988,75.38866475801112,0.0,30.88210363581178,39.359543849564034,43.598263956440164,75.08589903609139,0.0,31.487635079651227,39.96507529340348,43.90102967835988,75.38866475801112,AmbientSamplingRFC,29.368275026213166
29.67104074813289,0.0,0.0,0.0,0.0,33.96541179049724,35.64388815665384,0.0,0.0,0.0,0.0,0.0,0.0,0.0,0.0,0.0,0.026204404952316906,0.04418780361765329,0.0,0.0,0.0,0.0,0.0,0.0,31.184869357731504,39.66230957148376,43.90102967835988,75.38866475801112,0.0,30.88210363581178,39.359543849564034,43.598263956440164,75.08589903609139,0.0,31.487635079651227,39.96507529340348,43.90102967835988,75.38866475801112,AmbientSamplingRFC,29.67104074813289
29.97380647005261,0.0,0.0,0.0,0.0,33.96875339469592,35.615253777522376,0.0,0.0,0.0,0.0,0.0,0.0,0.0,0.0,0.0,0.010036611995609235,0.09222312775318642,0.0,0.0,0.0,0.0,0.0,0.0,31.184869357731504,39.66230957148376,43.90102967835988,75.38866475801112,0.0,30.88210363581178,39.359543849564034,43.598263956440164,75.08589903609139,0.0,31.487635079651227,39.96507529340348,43.90102967835988,75.38866475801112,AmbientSamplingRFC,29.97380647005261
30.276572191972335,0.0,0.0,0.0,0.0,33.944982863085144,35.59384852213303,0.0,0.0,0.0,0.0,0.0,0.0,0.0,0.0,0.0,0.011703088652851079,0.1267875158799825,0.0,0.0,0.0,0.0,0.0,0.0,31.184869357731504,39.66230957148376,43.90102967835988,75.38866475801112,0.0,30.88210363581178,39.359543849564034,43.598263956440164,75.08589903609139,0.0,31.487635079651227,39.96507529340348,43.90102967835988,75.38866475801112,AmbientSamplingRFC,30.276572191972335
30.579337913892058,0.0,0.0,0.0,0.0,33.919871021436,35.59608265781704,0.0,0.0,0.0,0.0,0.0,0.0,0.0,0.0,0.0,0.08058547973632812,0.06812774548844658,0.0,0.0,0.0,0.0,0.0,0.0,31.184869357731504,39.66230957148376,43.90102967835988,75.38866475801112,0.0,30.88210363581178,39.359543849564034,43.598263956440164,75.08589903609139,0.0,31.487635079651227,39.96507529340348,43.90102967835988,75.38866475801112,AmbientSamplingRFC,30.579337913892058
30.88210363581178,0.0,0.0,0.0,0.0,33.9343269148776,35.62944251824518,0.0,0.0,0.0,0.0,0.0,0.0,0.0,0.0,0.0,0.16074786014888076,0.1283367335689931,0.0,0.0,0.0,0.0,0.0,0.0,31.184869357731504,39.66230957148376,43.90102967835988,75.38866475801112,0.0,30.88210363581178,39.359543849564034,43.598263956440164,75.08589903609139,0.0,31.487635079651227,39.96507529340348,43.90102967835988,75.38866475801112,AmbientSamplingRFC,30.88210363581178
31.184869357731504,0.0,0.0,0.0,0.0,33.935824719726384,35.61551565286534,0.0,0.0,0.0,0.0,0.0,0.0,0.0,0.0,0.0,0.06722475224614755,0.06593207129908052,0.0,0.0,0.0,0.0,0.0,0.0,31.184869357731504,39.66230957148376,43.90102967835988,75.38866475801112,0.0,30.88210363581178,39.359543849564034,43.598263956440164,75.08589903609139,0.0,31.487635079651227,39.96507529340348,43.90102967835988,75.38866475801112,BreathSampleCollection,31.184869357731504
31.487635079651227,0.0,0.0,0.0,0.0,33.893331905596746,35.63048128834803,0.0,0.0,0.0,0.0,0.0,0.0,0.0,0.0,0.0,0.09623808279314261,0.09543431282480697,0.0,0.0,0.0,0.0,0.0,0.0,31.184869357731504,39.66230957148376,43.90102967835988,75.38866475801112,0.0,30.88210363581178,39.359543849564034,43.598263956440164,75.08589903609139,0.0,31.487635079651227,39.96507529340348,43.90102967835988,75.38866475801112,BreathSampleCollection,31.487635079651227
31.79040080157095,0.0,0.0,0.0,0.0,33.90329677999898,35.643949849793685,0.0,0.0,0.0,0.0,0.0,0.0,0.0,0.0,0.0,0.06591474716286427,0.03175207076993303,0.0,0.0,0.0,0.0,0.0,0.0,31.184869357731504,39.66230957148376,43.90102967835988,75.38866475801112,0.0,30.88210363581178,39.359543849564034,43.598263956440164,75.08589903609139,0.0,31.487635079651227,39.96507529340348,43.90102967835988,75.38866475801112,BreathSampleCollection,31.79040080157095
32.09316652349067,0.0,0.0,0.0,0.0,33.92196100666517,35.64049366484606,0.0,0.0,0.0,0.0,0.0,0.0,0.0,0.0,0.0,0.06255868274928389,0.01679153165132874,0.0,0.0,0.0,0.0,0.0,0.0,31.184869357731504,39.66230957148376,43.90102967835988,75.38866475801112,0.0,30.88210363581178,39.359543849564034,43.598263956440164,75.08589903609139,0.0,31.487635079651227,39.96507529340348,43.90102967835988,75.38866475801112,BreathSampleCollection,32.09316652349067
32.3959322454104,0.0,0.0,0.0,0.0,33.912569670247976,35.62705990593291,0.0,0.0,0.0,0.0,0.0,0.0,0.0,0.0,0.0,0.049880876405914876,0.049880876405914876,0.0,0.0,0.0,0.0,0.0,0.0,31.184869357731504,39.66230957148376,43.90102967835988,75.38866475801112,0.0,30.88210363581178,39.359543849564034,43.598263956440164,75.08589903609139,0.0,31.487635079651227,39.96507529340348,43.90102967835988,75.38866475801112,BreathSampleCollection,32.3959322454104
32.69869796733012,0.0,0.0,0.0,0.0,33.94602085374235,35.58457070973244,0.0,0.0,0.0,0.0,0.0,0.0,0.0,0.0,0.0,0.07992997497582621,0.09930897121640214,0.0,0.0,0.0,0.0,0.0,0.0,31.184869357731504,39.66230957148376,43.90102967835988,75.38866475801112,0.0,30.88210363581178,39.359543849564034,43.598263956440164,75.08589903609139,0.0,31.487635079651227,39.96507529340348,43.90102967835988,75.38866475801112,BreathSampleCollection,32.69869796733012
33.001463689249846,0.0,0.0,0.0,0.0,33.96053472501101,35.62727582907021,0.0,0.0,0.0,0.0,0.0,0.0,0.0,0.0,0.0,0.03006089334388662,0.11172685691152395,0.0,0.0,0.0,0.0,0.0,0.0,31.184869357731504,39.66230957148376,43.90102967835988,75.38866475801112,0.0,30.88210363581178,39.359543849564034,43.598263956440164,75.08589903609139,0.0,31.487635079651227,39.96507529340348,43.90102967835988,75.38866475801112,BreathSampleCollection,33.001463689249846
33.304229411169565,0.0,0.0,0.0,0.0,33.955102005715176,35.66295979108263,0.0,0.0,0.0,0.0,0.0,0.0,0.0,0.0,0.0,0.05039387840393772,0.1005593409206682,0.0,0.0,0.0,0.0,0.0,0.0,31.184869357731504,39.66230957148376,43.90102967835988,75.38866475801112,0.0,30.88210363581178,39.359543849564034,43.598263956440164,75.08589903609139,0.0,31.487635079651227,39.96507529340348,43.90102967835988,75.38866475801112,BreathSampleCollection,33.304229411169565
33.60699513308929,0.0,0.0,0.0,0.0,33.97499651566602,35.66296829263162,0.0,0.0,0.0,0.0,0.0,0.0,0.0,0.0,0.0,0.029549316577764273,0.05905452342430095,0.0,0.0,0.0,0.0,0.0,0.0,31.184869357731504,39.66230957148376,43.90102967835988,75.38866475801112,0.0,30.88210363581178,39.359543849564034,43.598263956440164,75.08589903609139,0.0,31.487635079651227,39.96507529340348,43.90102967835988,75.38866475801112,BreathSampleCollection,33.60699513308929
33.90976085500901,0.0,0.0,0.0,0.0,33.976334939497995,35.66293882486808,0.0,0.0,0.0,0.0,0.0,0.0,0.0,0.0,0.0,0.051532381039677944,0.07391790047179114,0.0,0.0,0.0,0.0,0.0,0.0,31.184869357731504,39.66230957148376,43.90102967835988,75.38866475801112,0.0,30.88210363581178,39.359543849564034,43.598263956440164,75.08589903609139,0.0,31.487635079651227,39.96507529340348,43.90102967835988,75.38866475801112,BreathSampleCollection,33.90976085500901
34.21252657692874,0.0,0.0,0.0,0.0,33.960115106692655,35.61104342465452,0.0,0.0,0.0,0.0,0.0,0.0,0.0,0.0,0.0,0.07982489462245468,0.0797911529961084,0.0,0.0,0.0,0.0,0.0,0.0,31.184869357731504,39.66230957148376,43.90102967835988,75.38866475801112,0.0,30.88210363581178,39.359543849564034,43.598263956440164,75.08589903609139,0.0,31.487635079651227,39.96507529340348,43.90102967835988,75.38866475801112,BreathSampleCollection,34.21252657692874
34.51529229884846,0.0,0.0,0.0,0.0,33.95452550595832,35.64522381120186,0.0,0.0,0.0,0.0,0.0,0.0,0.0,0.0,0.0,0.07622545280099757,0.09980171550148498,0.0,0.0,0.0,0.0,0.0,0.0,31.184869357731504,39.66230957148376,43.90102967835988,75.38866475801112,0.0,30.88210363581178,39.359543849564034,43.598263956440164,75.08589903609139,0.0,31.487635079651227,39.96507529340348,43.90102967835988,75.38866475801112,BreathSampleCollection,34.51529229884846
34.818058020768184,0.0,0.0,0.0,0.0,33.95436917983236,35.65755844031209,0.0,0.0,0.0,0.0,0.0,0.0,0.0,0.0,0.0,0.027735808811719664,0.028230860199471408,0.0,0.0,0.0,0.0,0.0,0.0,31.184869357731504,39.66230957148376,43.90102967835988,75.38866475801112,0.0,30.88210363581178,39.359543849564034,43.598263956440164,75.08589903609139,0.0,31.487635079651227,39.96507529340348,43.90102967835988,75.38866475801112,BreathSampleCollection,34.818058020768184
35.12082374268791,0.0,0.0,0.0,0.0,33.92264406149007,35.61479062447647,0.0,0.0,0.0,0.0,0.0,0.0,0.0,0.0,0.0,0.10646050955134712,0.026677792354135477,0.0,0.0,0.0,0.0,0.0,0.0,31.184869357731504,39.66230957148376,43.90102967835988,75.38866475801112,0.0,30.88210363581178,39.359543849564034,43.598263956440164,75.08589903609139,0.0,31.487635079651227,39.96507529340348,43.90102967835988,75.38866475801112,BreathSampleCollection,35.12082374268791
35.42358946460763,0.0,0.0,0.0,0.0,33.959827462465036,35.576823583630755,0.0,0.0,0.0,0.0,0.0,0.0,0.0,0.0,0.0,0.08222311010181471,0.07960227065322556,0.0,0.0,0.0,0.0,0.0,0.0,31.184869357731504,39.66230957148376,43.90102967835988,75.38866475801112,0.0,30.88210363581178,39.359543849564034,43.598263956440164,75.08589903609139,0.0,31.487635079651227,39.96507529340348,43.90102967835988,75.38866475801112,BreathSampleCollection,35.42358946460763
35.72635518652736,0.0,0.0,0.0,0.0,33.98678305980031,35.620930646171466,0.0,0.0,0.0,0.0,0.0,0.0,0.0,0.0,0.0,0.05441379276695102,0.0536950693581133,0.0,0.0,0.0,0.0,0.0,0.0,31.184869357731504,39.66230957148376,43.90102967835988,75.38866475801112,0.0,30.88210363581178,39.359543849564034,43.598263956440164,75.08589903609139,0.0,31.487635079651227,39.96507529340348,43.90102967835988,75.38866475801112,BreathSampleCollection,35.72635518652736
36.02912090844708,0.0,0.0,0.0,0.0,33.95402278130604,35.61402347556424,0.0,0.0,0.0,0.0,0.0,0.0,0.0,0.0,0.0,0.054112991268937094,0.07741050029961372,0.0,0.0,0.0,0.0,0.0,0.0,31.184869357731504,39.66230957148376,43.90102967835988,75.38866475801112,0.0,30.88210363581178,39.359543849564034,43.598263956440164,75.08589903609139,0.0,31.487635079651227,39.96507529340348,43.90102967835988,75.38866475801112,BreathSampleCollection,36.02912090844708
36.3318866303668,0.0,0.0,0.0,0.0,33.96066075213575,35.63152071604941,0.0,0.0,0.0,0.0,0.0,0.0,0.0,0.0,0.0,0.025634637194748677,0.16759051702714345,0.0,0.0,0.0,0.0,0.0,0.0,31.184869357731504,39.66230957148376,43.90102967835988,75.38866475801112,0.0,30.88210363581178,39.359543849564034,43.598263956440164,75.08589903609139,0.0,31.487635079651227,39.96507529340348,43.90102967835988,75.38866475801112,BreathSampleCollection,36.3318866303668
36.63465235228652,0.0,0.0,0.0,0.0,33.959436020044826,35.61291925672047,0.0,0.0,0.0,0.0,0.0,0.0,0.0,0.0,0.0,0.0,0.048001956476113605,0.0,0.0,0.0,0.0,0.0,0.0,31.184869357731504,39.66230957148376,43.90102967835988,75.38866475801112,0.0,30.88210363581178,39.359543849564034,43.598263956440164,75.08589903609139,0.0,31.487635079651227,39.96507529340348,43.90102967835988,75.38866475801112,BreathSampleCollection,36.63465235228652
36.93741807420625,0.0,0.0,0.0,0.0,33.99957675359902,35.66698149555566,0.0,0.0,0.0,0.0,0.0,0.0,0.0,0.0,0.0,0.11123091405007557,0.13630557781991115,0.0,0.0,0.0,0.0,0.0,0.0,31.184869357731504,39.66230957148376,43.90102967835988,75.38866475801112,0.0,30.88210363581178,39.359543849564034,43.598263956440164,75.08589903609139,0.0,31.487635079651227,39.96507529340348,43.90102967835988,75.38866475801112,BreathSampleCollection,36.93741807420625
37.24018379612597,0.0,0.0,0.0,0.0,33.99642510620761,35.672775678856524,0.0,0.0,0.0,0.0,0.0,0.0,0.0,0.0,0.0,0.049164305397134456,0.03142117433919367,0.0,0.0,0.0,0.0,0.0,0.0,31.184869357731504,39.66230957148376,43.90102967835988,75.38866475801112,0.0,30.88210363581178,39.359543849564034,43.598263956440164,75.08589903609139,0.0,31.487635079651227,39.96507529340348,43.90102967835988,75.38866475801112,BreathSampleCollection,37.24018379612597
37.542949518045695,0.0,0.0,0.0,0.0,33.95245702666231,35.64009520737444,0.0,0.0,0.0,0.0,0.0,0.0,0.0,0.0,0.0,0.056744364091677824,0.1144772421961946,0.0,0.0,0.0,0.0,0.0,0.0,31.184869357731504,39.66230957148376,43.90102967835988,75.38866475801112,0.0,30.88210363581178,39.359543849564034,43.598263956440164,75.08589903609139,0.0,31.487635079651227,39.96507529340348,43.90102967835988,75.38866475801112,BreathSampleCollection,37.542949518045695
37.845715239965415,0.0,0.0,0.0,0.0,33.96168834796727,35.584333100883114,0.0,0.0,0.0,0.0,0.0,0.0,0.0,0.0,0.0,0.1384136306594641,0.0675442020269088,0.0,0.0,0.0,0.0,0.0,0.0,31.184869357731504,39.66230957148376,43.90102967835988,75.38866475801112,0.0,30.88210363581178,39.359543849564034,43.598263956440164,75.08589903609139,0.0,31.487635079651227,39.96507529340348,43.90102967835988,75.38866475801112,BreathSampleCollection,37.845715239965415
38.14848096188514,0.0,0.0,0.0,0.0,33.95911775166688,35.62468685495219,0.0,0.0,0.0,0.0,0.0,0.0,0.0,0.0,0.0,0.10313848382023139,0.1386207024881898,0.0,0.0,0.0,0.0,0.0,0.0,31.184869357731504,39.66230957148376,43.90102967835988,75.38866475801112,0.0,30.88210363581178,39.359543849564034,43.598263956440164,75.08589903609139,0.0,31.487635079651227,39.96507529340348,43.90102967835988,75.38866475801112,BreathSampleCollection,38.14848096188514
38.45124668380486,0.0,0.0,0.0,0.0,33.97810148936952,35.65846957852532,0.0,0.0,0.0,0.0,0.0,0.0,0.0,0.0,0.0,0.022155201612484632,0.0741582632841542,0.0,0.0,0.0,0.0,0.0,0.0,31.184869357731504,39.66230957148376,43.90102967835988,75.38866475801112,0.0,30.88210363581178,39.359543849564034,43.598263956440164,75.08589903609139,0.0,31.487635079651227,39.96507529340348,43.90102967835988,75.38866475801112,BreathSampleCollection,38.45124668380486
38.75401240572459,0.0,0.0,0.0,0.0,33.92802799480157,35.65111382325889,0.0,0.0,0.0,0.0,0.0,0.0,0.0,0.0,0.0,0.08058547973632812,0.07434737881240494,0.0,0.0,0.0,0.0,0.0,0.0,31.184869357731504,39.66230957148376,43.90102967835988,75.38866475801112,0.0,30.88210363581178,39.359543849564034,43.598263956440164,75.08589903609139,0.0,31.487635079651227,39.96507529340348,43.90102967835988,75.38866475801112,BreathSampleCollection,38.75401240572459
39.056778127644314,0.0,0.0,0.0,0.0,33.930080381816914,35.634966596586196,0.0,0.0,0.0,0.0,0.0,0.0,0.0,0.0,0.0,0.10193709374767934,0.059249776537882326,0.0,0.0,0.0,0.0,0.0,0.0,31.184869357731504,39.66230957148376,43.90102967835988,75.38866475801112,0.0,30.88210363581178,39.359543849564034,43.598263956440164,75.08589903609139,0.0,31.487635079651227,39.96507529340348,43.90102967835988,75.38866475801112,BreathSampleCollection,39.056778127644314
39.359543849564034,0.0,0.0,0.0,0.0,33.962394410039586,35.66684268434334,0.0,0.0,0.0,0.0,0.0,0.0,0.0,0.0,0.0,0.16236215809672672,0.12023523004893377,0.0,0.0,0.0,0.0,0.0,0.0,31.184869357731504,39.66230957148376,43.90102967835988,75.38866475801112,0.0,30.88210363581178,39.359543849564034,43.598263956440164,75.08589903609139,0.0,31.487635079651227,39.96507529340348,43.90102967835988,75.38866475801112,BreathSampleCollection,39.359543849564034
39.66230957148376,0.0,0.0,0.0,0.0,33.933847421124355,35.61826355616604,0.0,0.0,0.0,0.0,0.0,0.0,0.0,0.0,0.0,0.039921816446799596,0.14198631596998013,0.0,0.0,0.0,0.0,0.0,0.0,31.184869357731504,39.66230957148376,43.90102967835988,75.38866475801112,0.0,30.88210363581178,39.359543849564034,43.598263956440164,75.08589903609139,0.0,31.487635079651227,39.96507529340348,43.90102967835988,75.38866475801112,FeNOWindow,39.66230957148376
39.96507529340348,0.0,0.0,0.0,0.0,33.95898298124753,35.610870620575454,0.0,0.0,0.0,0.0,0.0,0.0,0.0,0.0,0.0,0.02005810756043047,0.07971971318905702,0.0,0.0,0.0,0.0,0.0,0.0,31.184869357731504,39.66230957148376,43.90102967835988,75.38866475801112,0.0,30.88210363581178,39.359543849564034,43.598263956440164,75.08589903609139,0.0,31.487635079651227,39.96507529340348,43.90102967835988,75.38866475801112,FeNOWindow,39.96507529340348
40.26784101532321,0.0,0.0,0.0,0.0,33.99516516889619,35.663748965561396,0.0,0.0,0.0,0.0,0.0,0.0,0.0,0.0,0.0,0.06139417149386617,0.04315832002351527,0.0,0.0,0.0,0.0,0.0,0.0,31.184869357731504,39.66230957148376,43.90102967835988,75.38866475801112,0.0,30.88210363581178,39.359543849564034,43.598263956440164,75.08589903609139,0.0,31.487635079651227,39.96507529340348,43.90102967835988,75.38866475801112,FeNOWindow,40.26784101532321
40.570606737242926,0.0,0.0,0.0,0.0,33.96558901639438,35.64147714087134,0.0,0.0,0.0,0.0,0.0,0.0,0.0,0.0,0.0,0.08207520965414261,0.07984194125744182,0.0,0.0,0.0,0.0,0.0,0.0,31.184869357731504,39.66230957148376,43.90102967835988,75.38866475801112,0.0,30.88210363581178,39.359543849564034,43.598263956440164,75.08589903609139,0.0,31.487635079651227,39.96507529340348,43.90102967835988,75.38866475801112,FeNOWindow,40.570606737242926
40.87337245916265,0.0,0.0,0.0,0.0,33.929794478162634,35.61857676096198,0.0,0.0,0.0,0.0,0.0,0.0,0.0,0.0,0.0,0.062048752451410394,0.06262824782318432,0.0,0.0,0.0,0.0,0.0,0.0,31.184869357731504,39.66230957148376,43.90102967835988,75.38866475801112,0.0,30.88210363581178,39.359543849564034,43.598263956440164,75.08589903609139,0.0,31.487635079651227,39.96507529340348,43.90102967835988,75.38866475801112,FeNOWindow,40.87337245916265
41.17613818108237,0.0,0.0,0.0,0.0,33.97232368430807,35.689950664059204,0.0,0.0,0.0,0.0,0.0,0.0,0.0,0.0,0.0,0.017423069313494466,0.044251708590373084,0.0,0.0,0.0,0.0,0.0,0.0,31.184869357731504,39.66230957148376,43.90102967835988,75.38866475801112,0.0,30.88210363581178,39.359543849564034,43.598263956440164,75.08589903609139,0.0,31.487635079651227,39.96507529340348,43.90102967835988,75.38866475801112,FeNOWindow,41.17613818108237
41.4789039030021,0.0,0.0,0.0,0.0,33.96169565748989,35.62265160067134,0.0,0.0,0.0,0.0,0.0,0.0,0.0,0.0,0.0,0.017695633505894648,0.1281892630978021,0.0,0.0,0.0,0.0,0.0,0.0,31.184869357731504,39.66230957148376,43.90102967835988,75.38866475801112,0.0,30.88210363581178,39.359543849564034,43.598263956440164,75.08589903609139,0.0,31.487635079651227,39.96507529340348,43.90102967835988,75.38866475801112,FeNOWindow,41.4789039030021
41.78166962492182,0.0,0.0,0.0,0.0,33.955035865845616,35.58621534888064,0.0,0.0,0.0,0.0,0.0,0.0,0.0,0.0,0.0,0.04471293213867966,0.053134641298029806,0.0,0.0,0.0,0.0,0.0,0.0,31.184869357731504,39.66230957148376,43.90102967835988,75.38866475801112,0.0,30.88210363581178,39.359543849564034,43.598263956440164,75.08589903609139,0.0,31.487635079651227,39.96507529340348,43.90102967835988,75.38866475801112,FeNOWindow,41.78166962492182
42.084435346841545,0.0,0.0,0.0,0.0,33.916586138817486,35.620656527160335,0.0,0.0,0.0,0.0,0.0,0.0,0.0,0.0,0.0,0.0644237081871637,0.0644237081871637,0.0,0.0,0.0,0.0,0.0,0.0,31.184869357731504,39.66230957148376,43.90102967835988,75.38866475801112,0.0,30.88210363581178,39.359543849564034,43.598263956440164,75.08589903609139,0.0,31.487635079651227,39.96507529340348,43.90102967835988,75.38866475801112,FeNOWindow,42.084435346841545
42.387201068761264,0.0,0.0,0.0,0.0,33.87991665148881,35.62413627419587,0.0,0.0,0.0,0.0,0.0,0.0,0.0,0.0,0.0,0.09788064161782017,0.06457576026259915,0.0,0.0,0.0,0.0,0.0,0.0,31.184869357731504,39.66230957148376,43.90102967835988,75.38866475801112,0.0,30.88210363581178,39.359543849564034,43.598263956440164,75.08589903609139,0.0,31.487635079651227,39.96507529340348,43.90102967835988,75.38866475801112,FeNOWindow,42.387201068761264
42.68996679068099,0.0,0.0,0.0,0.0,33.96496275066764,35.64252019574042,0.0,0.0,0.0,0.0,0.0,0.0,0.0,0.0,0.0,0.15978241283372796,0.14552528506739293,0.0,0.0,0.0,0.0,0.0,0.0,31.184869357731504,39.66230957148376,43.90102967835988,75.38866475801112,0.0,30.88210363581178,39.359543849564034,43.598263956440164,75.08589903609139,0.0,31.487635079651227,39.96507529340348,43.90102967835988,75.38866475801112,FeNOWindow,42.68996679068099
42.99273251260072,0.0,0.0,0.0,0.0,33.94735864689208,35.620568307883545,0.0,0.0,0.0,0.0,0.0,0.0,0.0,0.0,0.0,0.0662001620189443,0.06583794004794186,0.0,0.0,0.0,0.0,0.0,0.0,31.184869357731504,39.66230957148376,43.90102967835988,75.38866475801112,0.0,30.88210363581178,39.359543849564034,43.598263956440164,75.08589903609139,0.0,31.487635079651227,39.96507529340348,43.90102967835988,75.38866475801112,FeNOWindow,42.99273251260072
43.29549823452044,0.0,0.0,0.0,0.0,33.938537905514266,35.627713464839836,0.0,0.0,0.0,0.0,0.0,0.0,0.0,0.0,0.0,0.051450733489367906,0.06555834482833944,0.0,0.0,0.0,0.0,0.0,0.0,31.184869357731504,39.66230957148376,43.90102967835988,75.38866475801112,0.0,30.88210363581178,39.359543849564034,43.598263956440164,75.08589903609139,0.0,31.487635079651227,39.96507529340348,43.90102967835988,75.38866475801112,FeNOWindow,43.29549823452044
43.598263956440164,0.0,0.0,0.0,0.0,33.925368187556174,35.59067059952171,0.0,0.0,0.0,0.0,0.0,0.0,0.0,0.0,0.0,0.16784320934426944,0.09457634426332362,0.0,0.0,0.0,0.0,0.0,0.0,31.184869357731504,39.66230957148376,43.90102967835988,75.38866475801112,0.0,30.88210363581178,39.359543849564034,43.598263956440164,75.08589903609139,0.0,31.487635079651227,39.96507529340348,43.90102967835988,75.38866475801112,FeNOWindow,43.598263956440164
43.90102967835988,0.0,0.0,0.0,0.0,33.935759828188814,35.60927690031655,0.0,0.0,0.0,0.0,0.0,0.0,0.0,0.0,0.0,0.02555610939562314,0.08058547973632812,0.0,0.0,0.0,0.0,0.0,0.0,31.184869357731504,39.66230957148376,43.90102967835988,75.38866475801112,0.0,30.88210363581178,39.359543849564034,43.598263956440164,75.08589903609139,0.0,31.487635079651227,39.96507529340348,43.90102967835988,75.38866475801112,FeNOMeasurement,43.90102967835988
44.20379540027961,0.0,0.0,0.0,0.0,33.91145502470472,35.62831707676367,0.0,0.0,0.0,0.0,0.0,0.0,0.0,0.0,0.0,0.0004479261175944771,0.06718891763885182,0.0,0.0,0.0,0.0,0.0,0.0,31.184869357731504,39.66230957148376,43.90102967835988,75.38866475801112,0.0,30.88210363581178,39.359543849564034,43.598263956440164,75.08589903609139,0.0,31.487635079651227,39.96507529340348,43.90102967835988,75.38866475801112,FeNOMeasurement,44.20379540027961
44.50656112219933,0.0,0.0,0.0,0.0,34.014954512886405,35.64417262051223,0.0,0.0,0.0,0.0,0.0,0.0,0.0,0.0,0.0,0.08031864039945447,0.12302971408748675,0.0,0.0,0.0,0.0,0.0,0.0,31.184869357731504,39.66230957148376,43.90102967835988,75.38866475801112,0.0,30.88210363581178,39.359543849564034,43.598263956440164,75.08589903609139,0.0,31.487635079651227,39.96507529340348,43.90102967835988,75.38866475801112,FeNOMeasurement,44.50656112219933
44.809326844119056,0.0,0.0,0.0,0.0,33.99386326315422,35.64703460507401,0.0,0.0,0.0,0.0,0.0,0.0,0.0,0.0,0.0,0.056664596644736775,0.04435848940827469,0.0,0.0,0.0,0.0,0.0,0.0,31.184869357731504,39.66230957148376,43.90102967835988,75.38866475801112,0.0,30.88210363581178,39.359543849564034,43.598263956440164,75.08589903609139,0.0,31.487635079651227,39.96507529340348,43.90102967835988,75.38866475801112,FeNOMeasurement,44.809326844119056
45.112092566038775,0.0,0.0,0.0,0.0,33.94553357915597,35.66004351726023,0.0,0.0,0.0,0.0,0.0,0.0,0.0,0.0,0.0,0.0806623187267661,0.02331997039737388,0.0,0.0,0.0,0.0,0.0,0.0,31.184869357731504,39.66230957148376,43.90102967835988,75.38866475801112,0.0,30.88210363581178,39.359543849564034,43.598263956440164,75.08589903609139,0.0,31.487635079651227,39.96507529340348,43.90102967835988,75.38866475801112,FeNOMeasurement,45.112092566038775
45.4148582879585,0.0,0.0,0.0,0.0,33.92496467686068,35.63540091856832,0.0,0.0,0.0,0.0,0.0,0.0,0.0,0.0,0.0,0.057601800790322955,0.14989181456976297,0.0,0.0,0.0,0.0,0.0,0.0,31.184869357731504,39.66230957148376,43.90102967835988,75.38866475801112,0.0,30.88210363581178,39.359543849564034,43.598263956440164,75.08589903609139,0.0,31.487635079651227,39.96507529340348,43.90102967835988,75.38866475801112,FeNOMeasurement,45.4148582879585
45.71762400987822,0.0,0.0,0.0,0.0,33.93601026100565,35.659194043722536,0.0,0.0,0.0,0.0,0.0,0.0,0.0,0.0,0.0,0.05912768611393915,0.02271071875545516,0.0,0.0,0.0,0.0,0.0,0.0,31.184869357731504,39.66230957148376,43.90102967835988,75.38866475801112,0.0,30.88210363581178,39.359543849564034,43.598263956440164,75.08589903609139,0.0,31.487635079651227,39.96507529340348,43.90102967835988,75.38866475801112,FeNOMeasurement,45.71762400987822
46.02038973179795,0.0,0.0,0.0,0.0,33.93837011091782,35.60687831823388,0.0,0.0,0.0,0.0,0.0,0.0,0.0,0.0,0.0,0.2199972703725166,0.010638523757663165,0.0,0.0,0.0,0.0,0.0,0.0,31.184869357731504,39.66230957148376,43.90102967835988,75.38866475801112,0.0,30.88210363581178,39.359543849564034,43.598263956440164,75.08589903609139,0.0,31.487635079651227,39.96507529340348,43.90102967835988,75.38866475801112,FeNOMeasurement,46.02038973179795
46.32315545371767,0.0,0.0,0.0,0.0,33.93845779021155,35.655202698721865,0.0,0.0,0.0,0.0,0.0,0.0,0.0,0.0,0.0,0.12127920708100959,0.13064642465434417,0.0,0.0,0.0,0.0,0.0,0.0,31.184869357731504,39.66230957148376,43.90102967835988,75.38866475801112,0.0,30.88210363581178,39.359543849564034,43.598263956440164,75.08589903609139,0.0,31.487635079651227,39.96507529340348,43.90102967835988,75.38866475801112,FeNOMeasurement,46.32315545371767
46.625921175637394,0.0,0.0,0.0,0.0,33.9243593386824,35.64878740978311,0.0,0.0,0.0,0.0,0.0,0.0,0.0,0.0,0.0,0.09000829270248545,0.07110026108131962,0.0,0.0,0.0,0.0,0.0,0.0,31.184869357731504,39.66230957148376,43.90102967835988,75.38866475801112,0.0,30.88210363581178,39.359543849564034,43.598263956440164,75.08589903609139,0.0,31.487635079651227,39.96507529340348,43.90102967835988,75.38866475801112,FeNOMeasurement,46.625921175637394
46.92868689755712,0.0,0.0,0.0,0.0,33.97907827433835,35.64676268142955,0.0,0.0,0.0,0.0,0.0,0.0,0.0,0.0,0.0,0.00891877854440537,0.06221203609081272,0.0,0.0,0.0,0.0,0.0,0.0,31.184869357731504,39.66230957148376,43.90102967835988,75.38866475801112,0.0,30.88210363581178,39.359543849564034,43.598263956440164,75.08589903609139,0.0,31.487635079651227,39.96507529340348,43.90102967835988,75.38866475801112,FeNOMeasurement,46.92868689755712
47.23145261947684,0.0,0.0,0.0,0.0,34.0158701919705,35.66129588768882,0.0,0.0,0.0,0.0,0.0,0.0,0.0,0.0,0.0,0.08058547973632812,0.14452274082734107,0.0,0.0,0.0,0.0,0.0,0.0,31.184869357731504,39.66230957148376,43.90102967835988,75.38866475801112,0.0,30.88210363581178,39.359543849564034,43.598263956440164,75.08589903609139,0.0,31.487635079651227,39.96507529340348,43.90102967835988,75.38866475801112,FeNOMeasurement,47.23145261947684
47.53421834139657,0.0,0.0,0.0,0.0,33.975371725905745,35.63396662228955,0.0,0.0,0.0,0.0,0.0,0.0,0.0,0.0,0.0,0.06447562867305123,0.08879962592290269,0.0,0.0,0.0,0.0,0.0,0.0,31.184869357731504,39.66230957148376,43.90102967835988,75.38866475801112,0.0,30.88210363581178,39.359543849564034,43.598263956440164,75.08589903609139,0.0,31.487635079651227,39.96507529340348,43.90102967835988,75.38866475801112,FeNOMeasurement,47.53421834139657
47.83698406331629,0.0,0.0,0.0,0.0,33.94147057267807,35.64555515786595,0.0,0.0,0.0,0.0,0.0,0.0,0.0,0.0,0.0,0.09612247987694644,0.08781868663268,0.0,0.0,0.0,0.0,0.0,0.0,31.184869357731504,39.66230957148376,43.90102967835988,75.38866475801112,0.0,30.88210363581178,39.359543849564034,43.598263956440164,75.08589903609139,0.0,31.487635079651227,39.96507529340348,43.90102967835988,75.38866475801112,FeNOMeasurement,47.83698406331629
48.13974978523601,0.0,0.0,0.0,0.0,33.93857223977481,35.617389569610054,0.0,0.0,0.0,0.0,0.0,0.0,0.0,0.0,0.0,0.07353419256987337,0.02101410127958303,0.0,0.0,0.0,0.0,0.0,0.0,31.184869357731504,39.66230957148376,43.90102967835988,75.38866475801112,0.0,30.88210363581178,39.359543849564034,43.598263956440164,75.08589903609139,0.0,31.487635079651227,39.96507529340348,43.90102967835988,75.38866475801112,FeNOMeasurement,48.13974978523601
48.44251550715573,0.0,0.0,0.0,0.0,33.96791662216777,35.6441029850757,0.0,0.0,0.0,0.0,0.0,0.0,0.0,0.0,0.0,0.007358309106862748,0.1333472341958739,0.0,0.0,0.0,0.0,0.0,0.0,31.184869357731504,39.66230957148376,43.90102967835988,75.38866475801112,0.0,30.88210363581178,39.359543849564034,43.598263956440164,75.08589903609139,0.0,31.487635079651227,39.96507529340348,43.90102967835988,75.38866475801112,FeNOMeasurement,48.44251550715573
48.74528122907546,0.0,0.0,0.0,0.0,34.00049701561528,35.72148192185352,0.0,0.0,0.0,0.0,0.0,0.0,0.0,0.0,0.0,0.07477080340995457,0.018308319423852026,0.0,0.0,0.0,0.0,0.0,0.0,31.184869357731504,39.66230957148376,43.90102967835988,75.38866475801112,0.0,30.88210363581178,39.359543849564034,43.598263956440164,75.08589903609139,0.0,31.487635079651227,39.96507529340348,43.90102967835988,75.38866475801112,FeNOMeasurement,48.74528122907546
49.04804695099518,0.0,0.0,0.0,0.0,33.972691396692085,35.6227709917553,0.0,0.0,0.0,0.0,0.0,0.0,0.0,0.0,0.0,0.018354249654564114,0.0648118707237586,0.0,0.0,0.0,0.0,0.0,0.0,31.184869357731504,39.66230957148376,43.90102967835988,75.38866475801112,0.0,30.88210363581178,39.359543849564034,43.598263956440164,75.08589903609139,0.0,31.487635079651227,39.96507529340348,43.90102967835988,75.38866475801112,FeNOMeasurement,49.04804695099518
49.350812672914905,0.0,0.0,0.0,0.0,33.97066079605294,35.61443738626157,0.0,0.0,0.0,0.0,0.0,0.0,0.0,0.0,0.0,0.08029998161295282,0.07466502808991038,0.0,0.0,0.0,0.0,0.0,0.0,31.184869357731504,39.66230957148376,43.90102967835988,75.38866475801112,0.0,30.88210363581178,39.359543849564034,43.598263956440164,75.08589903609139,0.0,31.487635079651227,39.96507529340348,43.90102967835988,75.38866475801112,FeNOMeasurement,49.350812672914905
49.653578394834625,0.0,0.0,0.0,0.0,33.90977984452172,35.65998914244348,0.0,0.0,0.0,0.0,0.0,0.0,0.0,0.0,0.0,0.09074235474168546,0.08134025692726965,0.0,0.0,0.0,0.0,0.0,0.0,31.184869357731504,39.66230957148376,43.90102967835988,75.38866475801112,0.0,30.88210363581178,39.359543849564034,43.598263956440164,75.08589903609139,0.0,31.487635079651227,39.96507529340348,43.90102967835988,75.38866475801112,FeNOMeasurement,49.653578394834625
49.95634411675435,0.0,0.0,0.0,0.0,33.96668005586612,35.63176147693356,0.0,0.0,0.0,0.0,0.0,0.0,0.0,0.0,0.0,0.010879504972081122,0.08028567592872804,0.0,0.0,0.0,0.0,0.0,0.0,31.184869357731504,39.66230957148376,43.90102967835988,75.38866475801112,0.0,30.88210363581178,39.359543849564034,43.598263956440164,75.08589903609139,0.0,31.487635079651227,39.96507529340348,43.90102967835988,75.38866475801112,FeNOMeasurement,49.95634411675435
50.25910983867407,0.0,0.0,0.0,0.0,34.00133309641099,35.64639722887445,0.0,0.0,0.0,0.0,0.0,0.0,0.0,0.0,0.0,0.07631709215787197,0.14900004454491977,0.0,0.0,0.0,0.0,0.0,0.0,31.184869357731504,39.66230957148376,43.90102967835988,75.38866475801112,0.0,30.88210363581178,39.359543849564034,43.598263956440164,75.08589903609139,0.0,31.487635079651227,39.96507529340348,43.90102967835988,75.38866475801112,FeNOMeasurement,50.25910983867407
50.5618755605938,0.0,0.0,0.0,0.0,33.97236855246016,35.66167027376335,0.0,0.0,0.0,0.0,0.0,0.0,0.0,0.0,0.0,0.003781477493539853,0.0763256296639625,0.0,0.0,0.0,0.0,0.0,0.0,31.184869357731504,39.66230957148376,43.90102967835988,75.38866475801112,0.0,30.88210363581178,39.359543849564034,43.598263956440164,75.08589903609139,0.0,31.487635079651227,39.96507529340348,43.90102967835988,75.38866475801112,FeNOMeasurement,50.5618755605938
50.864641282513524,0.0,0.0,0.0,0.0,33.986517014743505,35.631999620566724,0.0,0.0,0.0,0.0,0.0,0.0,0.0,0.0,0.0,0.07552389088824185,0.075523771087326,0.0,0.0,0.0,0.0,0.0,0.0,31.184869357731504,39.66230957148376,43.90102967835988,75.38866475801112,0.0,30.88210363581178,39.359543849564034,43.598263956440164,75.08589903609139,0.0,31.487635079651227,39.96507529340348,43.90102967835988,75.38866475801112,FeNOMeasurement,50.864641282513524
51.167407004433244,0.0,0.0,0.0,0.0,33.9710029174674,35.599409434807384,0.0,0.0,0.0,0.0,0.0,0.0,0.0,0.0,0.0,0.16117095947265625,0.08058547973632812,0.0,0.0,0.0,0.0,0.0,0.0,31.184869357731504,39.66230957148376,43.90102967835988,75.38866475801112,0.0,30.88210363581178,39.359543849564034,43.598263956440164,75.08589903609139,0.0,31.487635079651227,39.96507529340348,43.90102967835988,75.38866475801112,FeNOMeasurement,51.167407004433244
51.47017272635297,0.0,0.0,0.0,0.0,33.93909853657482,35.66144654850627,0.0,0.0,0.0,0.0,0.0,0.0,0.0,0.0,0.0,0.07508109583065448,0.006245194077955318,0.0,0.0,0.0,0.0,0.0,0.0,31.184869357731504,39.66230957148376,43.90102967835988,75.38866475801112,0.0,30.88210363581178,39.359543849564034,43.598263956440164,75.08589903609139,0.0,31.487635079651227,39.96507529340348,43.90102967835988,75.38866475801112,FeNOMeasurement,51.47017272635297
51.77293844827269,0.0,0.0,0.0,0.0,33.95441701301512,35.63142153352878,0.0,0.0,0.0,0.0,0.0,0.0,0.0,0.0,0.0,0.15522404912753274,0.08058547973632812,0.0,0.0,0.0,0.0,0.0,0.0,31.184869357731504,39.66230957148376,43.90102967835988,75.38866475801112,0.0,30.88210363581178,39.359543849564034,43.598263956440164,75.08589903609139,0.0,31.487635079651227,39.96507529340348,43.90102967835988,75.38866475801112,FeNOMeasurement,51.77293844827269
52.07570417019242,0.0,0.0,0.0,0.0,33.95468666623408,35.66238555236672,0.0,0.0,0.0,0.0,0.0,0.0,0.0,0.0,0.0,0.08059483835360481,0.0020345615315449095,0.0,0.0,0.0,0.0,0.0,0.0,31.184869357731504,39.66230957148376,43.90102967835988,75.38866475801112,0.0,30.88210363581178,39.359543849564034,43.598263956440164,75.08589903609139,0.0,31.487635079651227,39.96507529340348,43.90102967835988,75.38866475801112,FeNOMeasurement,52.07570417019242
52.378469892112136,0.0,0.0,0.0,0.0,34.01824403372982,35.6473447466894,0.0,0.0,0.0,0.0,0.0,0.0,0.0,0.0,0.0,0.08099786929550135,0.1592930271801194,0.0,0.0,0.0,0.0,0.0,0.0,31.184869357731504,39.66230957148376,43.90102967835988,75.38866475801112,0.0,30.88210363581178,39.359543849564034,43.598263956440164,75.08589903609139,0.0,31.487635079651227,39.96507529340348,43.90102967835988,75.38866475801112,FeNOMeasurement,52.378469892112136
52.68123561403186,0.0,0.0,0.0,0.0,33.938814846044025,35.66285934714377,0.0,0.0,0.0,0.0,0.0,0.0,0.0,0.0,0.0,0.08079080776948189,0.1608257547144305,0.0,0.0,0.0,0.0,0.0,0.0,31.184869357731504,39.66230957148376,43.90102967835988,75.38866475801112,0.0,30.88210363581178,39.359543849564034,43.598263956440164,75.08589903609139,0.0,31.487635079651227,39.96507529340348,43.90102967835988,75.38866475801112,FeNOMeasurement,52.68123561403186
52.98400133595158,0.0,0.0,0.0,0.0,33.970699310302734,35.663163366371165,0.0,0.0,0.0,0.0,0.0,0.0,0.0,0.0,0.0,0.16117095947265625,0.16117370822934873,0.0,0.0,0.0,0.0,0.0,0.0,31.184869357731504,39.66230957148376,43.90102967835988,75.38866475801112,0.0,30.88210363581178,39.359543849564034,43.598263956440164,75.08589903609139,0.0,31.487635079651227,39.96507529340348,43.90102967835988,75.38866475801112,FeNOMeasurement,52.98400133595158
53.28676705787131,0.0,0.0,0.0,0.0,34.00279766123871,35.5986579462416,0.0,0.0,0.0,0.0,0.0,0.0,0.0,0.0,0.0,0.0810585668003867,0.0810585668003867,0.0,0.0,0.0,0.0,0.0,0.0,31.184869357731504,39.66230957148376,43.90102967835988,75.38866475801112,0.0,30.88210363581178,39.359543849564034,43.598263956440164,75.08589903609139,0.0,31.487635079651227,39.96507529340348,43.90102967835988,75.38866475801112,FeNOMeasurement,53.28676705787131
53.58953277979103,0.0,0.0,0.0,0.0,33.93889601866947,35.662719410634224,0.0,0.0,0.0,0.0,0.0,0.0,0.0,0.0,0.0,0.07963651055545284,0.003054230453464868,0.0,0.0,0.0,0.0,0.0,0.0,31.184869357731504,39.66230957148376,43.90102967835988,75.38866475801112,0.0,30.88210363581178,39.359543849564034,43.598263956440164,75.08589903609139,0.0,31.487635079651227,39.96507529340348,43.90102967835988,75.38866475801112,FeNOMeasurement,53.58953277979103
53.892298501710755,0.0,0.0,0.0,0.0,33.970753213633664,35.6473865310186,0.0,0.0,0.0,0.0,0.0,0.0,0.0,0.0,0.0,0.0014280344556709679,0.15494959613538128,0.0,0.0,0.0,0.0,0.0,0.0,31.184869357731504,39.66230957148376,43.90102967835988,75.38866475801112,0.0,30.88210363581178,39.359543849564034,43.598263956440164,75.08589903609139,0.0,31.487635079651227,39.96507529340348,43.90102967835988,75.38866475801112,FeNOMeasurement,53.892298501710755
54.195064223630474,0.0,0.0,0.0,0.0,33.96978089660491,35.63024015341449,0.0,0.0,0.0,0.0,0.0,0.0,0.0,0.0,0.0,0.004318002192448489,0.1587479323527532,0.0,0.0,0.0,0.0,0.0,0.0,31.184869357731504,39.66230957148376,43.90102967835988,75.38866475801112,0.0,30.88210363581178,39.359543849564034,43.598263956440164,75.08589903609139,0.0,31.487635079651227,39.96507529340348,43.90102967835988,75.38866475801112,FeNOMeasurement,54.195064223630474
54.4978299455502,0.0,0.0,0.0,0.0,33.93856890256184,35.631449643009894,0.0,0.0,0.0,0.0,0.0,0.0,0.0,0.0,0.0,0.07586785400827267,0.0753218941743441,0.0,0.0,0.0,0.0,0.0,0.0,31.184869357731504,39.66230957148376,43.90102967835988,75.38866475801112,0.0,30.88210363581178,39.359543849564034,43.598263956440164,75.08589903609139,0.0,31.487635079651227,39.96507529340348,43.90102967835988,75.38866475801112,FeNOMeasurement,54.4978299455502
54.80059566746993,0.0,0.0,0.0,0.0,33.93943920083859,35.64616322121756,0.0,0.0,0.0,0.0,0.0,0.0,0.0,0.0,0.0,0.07774874569582835,0.08316317330639578,0.0,0.0,0.0,0.0,0.0,0.0,31.184869357731504,39.66230957148376,43.90102967835988,75.38866475801112,0.0,30.88210363581178,39.359543849564034,43.598263956440164,75.08589903609139,0.0,31.487635079651227,39.96507529340348,43.90102967835988,75.38866475801112,FeNOMeasurement,54.80059566746993
55.10336138938965,0.0,0.0,0.0,0.0,33.97070479560428,35.63271208812763,0.0,0.0,0.0,0.0,0.0,0.0,0.0,0.0,0.0,0.07700829045423774,0.08673034339113883,0.0,0.0,0.0,0.0,0.0,0.0,31.184869357731504,39.66230957148376,43.90102967835988,75.38866475801112,0.0,30.88210363581178,39.359543849564034,43.598263956440164,75.08589903609139,0.0,31.487635079651227,39.96507529340348,43.90102967835988,75.38866475801112,FeNOMeasurement,55.10336138938965
55.406127111309374,0.0,0.0,0.0,0.0,33.969584553209636,35.675503910494704,0.0,0.0,0.0,0.0,0.0,0.0,0.0,0.0,0.0,0.010600490067247392,0.15517674857643726,0.0,0.0,0.0,0.0,0.0,0.0,31.184869357731504,39.66230957148376,43.90102967835988,75.38866475801112,0.0,30.88210363581178,39.359543849564034,43.598263956440164,75.08589903609139,0.0,31.487635079651227,39.96507529340348,43.90102967835988,75.38866475801112,FeNOMeasurement,55.406127111309374
55.70889283322909,0.0,0.0,0.0,0.0,33.95223383133299,35.59677357635623,0.0,0.0,0.0,0.0,0.0,0.0,0.0,0.0,0.0,0.08445691880213246,0.004091794217686129,0.0,0.0,0.0,0.0,0.0,0.0,31.184869357731504,39.66230957148376,43.90102967835988,75.38866475801112,0.0,30.88210363581178,39.359543849564034,43.598263956440164,75.08589903609139,0.0,31.487635079651227,39.96507529340348,43.90102967835988,75.38866475801112,FeNOMeasurement,55.70889283322909
56.01165855514882,0.0,0.0,0.0,0.0,33.90839978774035,35.57019690937304,0.0,0.0,0.0,0.0,0.0,0.0,0.0,0.0,0.0,0.16329876660216058,0.08148127298576213,0.0,0.0,0.0,0.0,0.0,0.0,31.184869357731504,39.66230957148376,43.90102967835988,75.38866475801112,0.0,30.88210363581178,39.359543849564034,43.598263956440164,75.08589903609139,0.0,31.487635079651227,39.96507529340348,43.90102967835988,75.38866475801112,FeNOMeasurement,56.01165855514882
56.31442427706854,0.0,0.0,0.0,0.0,33.95030786217193,35.65022403394883,0.0,0.0,0.0,0.0,0.0,0.0,0.0,0.0,0.0,0.14969929405356908,0.08113842275232486,0.0,0.0,0.0,0.0,0.0,0.0,31.184869357731504,39.66230957148376,43.90102967835988,75.38866475801112,0.0,30.88210363581178,39.359543849564034,43.598263956440164,75.08589903609139,0.0,31.487635079651227,39.96507529340348,43.90102967835988,75.38866475801112,FeNOMeasurement,56.31442427706854
56.617189998988266,0.0,0.0,0.0,0.0,33.893283434083074,35.68735202764387,0.0,0.0,0.0,0.0,0.0,0.0,0.0,0.0,0.0,0.005037248451493781,0.07367724199780668,0.0,0.0,0.0,0.0,0.0,0.0,31.184869357731504,39.66230957148376,43.90102967835988,75.38866475801112,0.0,30.88210363581178,39.359543849564034,43.598263956440164,75.08589903609139,0.0,31.487635079651227,39.96507529340348,43.90102967835988,75.38866475801112,FeNOMeasurement,56.617189998988266
56.919955720907986,0.0,0.0,0.0,0.0,33.94555764010711,35.585292162314104,0.0,0.0,0.0,0.0,0.0,0.0,0.0,0.0,0.0,0.068086835699809,0.012332943777508376,0.0,0.0,0.0,0.0,0.0,0.0,31.184869357731504,39.66230957148376,43.90102967835988,75.38866475801112,0.0,30.88210363581178,39.359543849564034,43.598263956440164,75.08589903609139,0.0,31.487635079651227,39.96507529340348,43.90102967835988,75.38866475801112,FeNOMeasurement,56.919955720907986
57.22272144282771,0.0,0.0,0.0,0.0,34.028916435358056,35.61050667011348,0.0,0.0,0.0,0.0,0.0,0.0,0.0,0.0,0.0,0.08005174355262312,0.09968064939320698,0.0,0.0,0.0,0.0,0.0,0.0,31.184869357731504,39.66230957148376,43.90102967835988,75.38866475801112,0.0,30.88210363581178,39.359543849564034,43.598263956440164,75.08589903609139,0.0,31.487635079651227,39.96507529340348,43.90102967835988,75.38866475801112,FeNOMeasurement,57.22272144282771
57.52548716474743,0.0,0.0,0.0,0.0,33.95883247459197,35.57791788938777,0.0,0.0,0.0,0.0,0.0,0.0,0.0,0.0,0.0,0.006800978140034886,0.18324838116203068,0.0,0.0,0.0,0.0,0.0,0.0,31.184869357731504,39.66230957148376,43.90102967835988,75.38866475801112,0.0,30.88210363581178,39.359543849564034,43.598263956440164,75.08589903609139,0.0,31.487635079651227,39.96507529340348,43.90102967835988,75.38866475801112,FeNOMeasurement,57.52548716474743
57.82825288666716,0.0,0.0,0.0,0.0,33.995530109711666,35.68151906521472,0.0,0.0,0.0,0.0,0.0,0.0,0.0,0.0,0.0,0.0649219720569576,0.08219531679772274,0.0,0.0,0.0,0.0,0.0,0.0,31.184869357731504,39.66230957148376,43.90102967835988,75.38866475801112,0.0,30.88210363581178,39.359543849564034,43.598263956440164,75.08589903609139,0.0,31.487635079651227,39.96507529340348,43.90102967835988,75.38866475801112,FeNOMeasurement,57.82825288666716
58.131018608586885,0.0,0.0,0.0,0.0,33.93239832807956,35.56270838736303,0.0,0.0,0.0,0.0,0.0,0.0,0.0,0.0,0.0,0.06656998882930054,0.07892980105295067,0.0,0.0,0.0,0.0,0.0,0.0,31.184869357731504,39.66230957148376,43.90102967835988,75.38866475801112,0.0,30.88210363581178,39.359543849564034,43.598263956440164,75.08589903609139,0.0,31.487635079651227,39.96507529340348,43.90102967835988,75.38866475801112,FeNOMeasurement,58.131018608586885
58.433784330506604,0.0,0.0,0.0,0.0,34.007154357799195,35.67263280685408,0.0,0.0,0.0,0.0,0.0,0.0,0.0,0.0,0.0,0.19875569997802245,0.08053413985499702,0.0,0.0,0.0,0.0,0.0,0.0,31.184869357731504,39.66230957148376,43.90102967835988,75.38866475801112,0.0,30.88210363581178,39.359543849564034,43.598263956440164,75.08589903609139,0.0,31.487635079651227,39.96507529340348,43.90102967835988,75.38866475801112,FeNOMeasurement,58.433784330506604
58.73655005242633,0.0,0.0,0.0,0.0,33.91131164291741,35.61811570010967,0.0,0.0,0.0,0.0,0.0,0.0,0.0,0.0,0.0,0.16117095947265625,0.08947947662201017,0.0,0.0,0.0,0.0,0.0,0.0,31.184869357731504,39.66230957148376,43.90102967835988,75.38866475801112,0.0,30.88210363581178,39.359543849564034,43.598263956440164,75.08589903609139,0.0,31.487635079651227,39.96507529340348,43.90102967835988,75.38866475801112,FeNOMeasurement,58.73655005242633
59.03931577434605,0.0,0.0,0.0,0.0,33.952259249154466,35.651817854299495,0.0,0.0,0.0,0.0,0.0,0.0,0.0,0.0,0.0,0.0808101747959995,0.15234330160918574,0.0,0.0,0.0,0.0,0.0,0.0,31.184869357731504,39.66230957148376,43.90102967835988,75.38866475801112,0.0,30.88210363581178,39.359543849564034,43.598263956440164,75.08589903609139,0.0,31.487635079651227,39.96507529340348,43.90102967835988,75.38866475801112,FeNOMeasurement,59.03931577434605
59.34208149626578,0.0,0.0,0.0,0.0,33.936633467000945,35.679686270508526,0.0,0.0,0.0,0.0,0.0,0.0,0.0,0.0,0.0,0.08058547973632812,0.06891202853689293,0.0,0.0,0.0,0.0,0.0,0.0,31.184869357731504,39.66230957148376,43.90102967835988,75.38866475801112,0.0,30.88210363581178,39.359543849564034,43.598263956440164,75.08589903609139,0.0,31.487635079651227,39.96507529340348,43.90102967835988,75.38866475801112,FeNOMeasurement,59.34208149626578
59.6448472181855,0.0,0.0,0.0,0.0,33.93045801606686,35.5702618471352,0.0,0.0,0.0,0.0,0.0,0.0,0.0,0.0,0.0,0.07123672480205556,0.0,0.0,0.0,0.0,0.0,0.0,0.0,31.184869357731504,39.66230957148376,43.90102967835988,75.38866475801112,0.0,30.88210363581178,39.359543849564034,43.598263956440164,75.08589903609139,0.0,31.487635079651227,39.96507529340348,43.90102967835988,75.38866475801112,FeNOMeasurement,59.6448472181855
59.94761294010522,0.0,0.0,0.0,0.0,33.980738291614045,35.60179536925536,0.0,0.0,0.0,0.0,0.0,0.0,0.0,0.0,0.0,0.06705583741936749,0.016289620935040716,0.0,0.0,0.0,0.0,0.0,0.0,31.184869357731504,39.66230957148376,43.90102967835988,75.38866475801112,0.0,30.88210363581178,39.359543849564034,43.598263956440164,75.08589903609139,0.0,31.487635079651227,39.96507529340348,43.90102967835988,75.38866475801112,FeNOMeasurement,59.94761294010522
60.25037866202494,0.0,0.0,0.0,0.0,33.94756375831538,35.64028545963879,0.0,0.0,0.0,0.0,0.0,0.0,0.0,0.0,0.0,0.06985613602100216,0.05828047469511688,0.0,0.0,0.0,0.0,0.0,0.0,31.184869357731504,39.66230957148376,43.90102967835988,75.38866475801112,0.0,30.88210363581178,39.359543849564034,43.598263956440164,75.08589903609139,0.0,31.487635079651227,39.96507529340348,43.90102967835988,75.38866475801112,FeNOMeasurement,60.25037866202494
60.55314438394467,0.0,0.0,0.0,0.0,33.99106136447703,35.6785881978676,0.0,0.0,0.0,0.0,0.0,0.0,0.0,0.0,0.0,0.08005002804372907,0.06796695221029125,0.0,0.0,0.0,0.0,0.0,0.0,31.184869357731504,39.66230957148376,43.90102967835988,75.38866475801112,0.0,30.88210363581178,39.359543849564034,43.598263956440164,75.08589903609139,0.0,31.487635079651227,39.96507529340348,43.90102967835988,75.38866475801112,FeNOMeasurement,60.55314438394467
60.85591010586439,0.0,0.0,0.0,0.0,33.9394704190311,35.589512607491,0.0,0.0,0.0,0.0,0.0,0.0,0.0,0.0,0.0,0.08081161933166214,0.037636151637883586,0.0,0.0,0.0,0.0,0.0,0.0,31.184869357731504,39.66230957148376,43.90102967835988,75.38866475801112,0.0,30.88210363581178,39.359543849564034,43.598263956440164,75.08589903609139,0.0,31.487635079651227,39.96507529340348,43.90102967835988,75.38866475801112,FeNOMeasurement,60.85591010586439
61.158675827784116,0.0,0.0,0.0,0.0,34.03517691004539,35.633354924928476,0.0,0.0,0.0,0.0,0.0,0.0,0.0,0.0,0.0,0.06782142839476535,0.13725246036938898,0.0,0.0,0.0,0.0,0.0,0.0,31.184869357731504,39.66230957148376,43.90102967835988,75.38866475801112,0.0,30.88210363581178,39.359543849564034,43.598263956440164,75.08589903609139,0.0,31.487635079651227,39.96507529340348,43.90102967835988,75.38866475801112,FeNOMeasurement,61.158675827784116
61.461441549703835,0.0,0.0,0.0,0.0,34.019462839507256,35.64694316633751,0.0,0.0,0.0,0.0,0.0,0.0,0.0,0.0,0.0,0.0681104311943912,0.09382288706634512,0.0,0.0,0.0,0.0,0.0,0.0,31.184869357731504,39.66230957148376,43.90102967835988,75.38866475801112,0.0,30.88210363581178,39.359543849564034,43.598263956440164,75.08589903609139,0.0,31.487635079651227,39.96507529340348,43.90102967835988,75.38866475801112,FeNOMeasurement,61.461441549703835
61.76420727162356,0.0,0.0,0.0,0.0,33.949041425400836,35.652267099762895,0.0,0.0,0.0,0.0,0.0,0.0,0.0,0.0,0.0,0.026305380678437018,0.16117477416992188,0.0,0.0,0.0,0.0,0.0,0.0,31.184869357731504,39.66230957148376,43.90102967835988,75.38866475801112,0.0,30.88210363581178,39.359543849564034,43.598263956440164,75.08589903609139,0.0,31.487635079651227,39.96507529340348,43.90102967835988,75.38866475801112,FeNOMeasurement,61.76420727162356
62.06697299354329,0.0,0.0,0.0,0.0,34.003424463449036,35.67129105571198,0.0,0.0,0.0,0.0,0.0,0.0,0.0,0.0,0.0,0.08058547973632812,0.1361056189625529,0.0,0.0,0.0,0.0,0.0,0.0,31.184869357731504,39.66230957148376,43.90102967835988,75.38866475801112,0.0,30.88210363581178,39.359543849564034,43.598263956440164,75.08589903609139,0.0,31.487635079651227,39.96507529340348,43.90102967835988,75.38866475801112,FeNOMeasurement,62.06697299354329
62.36973871546301,0.0,0.0,0.0,0.0,33.9938480710304,35.639243414846,0.0,0.0,0.0,0.0,0.0,0.0,0.0,0.0,0.0,0.10989541758175392,0.0816117966294101,0.0,0.0,0.0,0.0,0.0,0.0,31.184869357731504,39.66230957148376,43.90102967835988,75.38866475801112,0.0,30.88210363581178,39.359543849564034,43.598263956440164,75.08589903609139,0.0,31.487635079651227,39.96507529340348,43.90102967835988,75.38866475801112,FeNOMeasurement,62.36973871546301
62.672504437382734,0.0,0.0,0.0,0.0,33.96668843446822,35.68238297279257,0.0,0.0,0.0,0.0,0.0,0.0,0.0,0.0,0.0,0.145992835493594,0.09445321968924958,0.0,0.0,0.0,0.0,0.0,0.0,31.184869357731504,39.66230957148376,43.90102967835988,75.38866475801112,0.0,30.88210363581178,39.359543849564034,43.598263956440164,75.08589903609139,0.0,31.487635079651227,39.96507529340348,43.90102967835988,75.38866475801112,FeNOMeasurement,62.672504437382734
62.975270159302454,0.0,0.0,0.0,0.0,34.01270394942911,35.69182168043646,0.0,0.0,0.0,0.0,0.0,0.0,0.0,0.0,0.0,0.08058547973632812,0.09630085437252944,0.0,0.0,0.0,0.0,0.0,0.0,31.184869357731504,39.66230957148376,43.90102967835988,75.38866475801112,0.0,30.88210363581178,39.359543849564034,43.598263956440164,75.08589903609139,0.0,31.487635079651227,39.96507529340348,43.90102967835988,75.38866475801112,FeNOMeasurement,62.975270159302454
63.27803588122218,0.0,0.0,0.0,0.0,33.99330834454385,35.66990550900091,0.0,0.0,0.0,0.0,0.0,0.0,0.0,0.0,0.0,0.031076146344645394,0.05078213106264684,0.0,0.0,0.0,0.0,0.0,0.0,31.184869357731504,39.66230957148376,43.90102967835988,75.38866475801112,0.0,30.88210363581178,39.359543849564034,43.598263956440164,75.08589903609139,0.0,31.487635079651227,39.96507529340348,43.90102967835988,75.38866475801112,FeNOMeasurement,63.27803588122218
63.5808016031419,0.0,0.0,0.0,0.0,33.99992589627462,35.621316841557935,0.0,0.0,0.0,0.0,0.0,0.0,0.0,0.0,0.0,0.07962694651685354,0.04835042369491305,0.0,0.0,0.0,0.0,0.0,0.0,31.184869357731504,39.66230957148376,43.90102967835988,75.38866475801112,0.0,30.88210363581178,39.359543849564034,43.598263956440164,75.08589903609139,0.0,31.487635079651227,39.96507529340348,43.90102967835988,75.38866475801112,FeNOMeasurement,63.5808016031419
63.88356732506163,0.0,0.0,0.0,0.0,33.93188289303261,35.60237255278258,0.0,0.0,0.0,0.0,0.0,0.0,0.0,0.0,0.0,0.04660460097079522,0.01858407972848397,0.0,0.0,0.0,0.0,0.0,0.0,31.184869357731504,39.66230957148376,43.90102967835988,75.38866475801112,0.0,30.88210363581178,39.359543849564034,43.598263956440164,75.08589903609139,0.0,31.487635079651227,39.96507529340348,43.90102967835988,75.38866475801112,FeNOMeasurement,63.88356732506163
64.18633304698135,0.0,0.0,0.0,0.0,33.977642201991834,35.67578681713248,0.0,0.0,0.0,0.0,0.0,0.0,0.0,0.0,0.0,0.01743342693254135,0.09727746218914035,0.0,0.0,0.0,0.0,0.0,0.0,31.184869357731504,39.66230957148376,43.90102967835988,75.38866475801112,0.0,30.88210363581178,39.359543849564034,43.598263956440164,75.08589903609139,0.0,31.487635079651227,39.96507529340348,43.90102967835988,75.38866475801112,FeNOMeasurement,64.18633304698135
64.48909876890107,0.0,0.0,0.0,0.0,34.00299172763045,35.648803610767146,0.0,0.0,0.0,0.0,0.0,0.0,0.0,0.0,0.0,0.04610923283688351,0.10873361488375366,0.0,0.0,0.0,0.0,0.0,0.0,31.184869357731504,39.66230957148376,43.90102967835988,75.38866475801112,0.0,30.88210363581178,39.359543849564034,43.598263956440164,75.08589903609139,0.0,31.487635079651227,39.96507529340348,43.90102967835988,75.38866475801112,FeNOMeasurement,64.48909876890107
64.7918644908208,0.0,0.0,0.0,0.0,33.98509152368557,35.606142006861205,0.0,0.0,0.0,0.0,0.0,0.0,0.0,0.0,0.0,0.07972568572439798,0.06354392135582998,0.0,0.0,0.0,0.0,0.0,0.0,31.184869357731504,39.66230957148376,43.90102967835988,75.38866475801112,0.0,30.88210363581178,39.359543849564034,43.598263956440164,75.08589903609139,0.0,31.487635079651227,39.96507529340348,43.90102967835988,75.38866475801112,FeNOMeasurement,64.7918644908208
65.09463021274051,0.0,0.0,0.0,0.0,33.925756427766814,35.62357260019826,0.0,0.0,0.0,0.0,0.0,0.0,0.0,0.0,0.0,0.062211397948615854,0.0,0.0,0.0,0.0,0.0,0.0,0.0,31.184869357731504,39.66230957148376,43.90102967835988,75.38866475801112,0.0,30.88210363581178,39.359543849564034,43.598263956440164,75.08589903609139,0.0,31.487635079651227,39.96507529340348,43.90102967835988,75.38866475801112,FeNOMeasurement,65.09463021274051
65.39739593466024,0.0,0.0,0.0,0.0,33.92749103618833,35.59086730770963,0.0,0.0,0.0,0.0,0.0,0.0,0.0,0.0,0.0,0.08058547973632812,0.03803780172758309,0.0,0.0,0.0,0.0,0.0,0.0,31.184869357731504,39.66230957148376,43.90102967835988,75.38866475801112,0.0,30.88210363581178,39.359543849564034,43.598263956440164,75.08589903609139,0.0,31.487635079651227,39.96507529340348,43.90102967835988,75.38866475801112,FeNOMeasurement,65.39739593466024
65.70016165657997,0.0,0.0,0.0,0.0,33.8973968396901,35.581447114036436,0.0,0.0,0.0,0.0,0.0,0.0,0.0,0.0,0.0,0.16117095947265625,0.1222568199647398,0.0,0.0,0.0,0.0,0.0,0.0,31.184869357731504,39.66230957148376,43.90102967835988,75.38866475801112,0.0,30.88210363581178,39.359543849564034,43.598263956440164,75.08589903609139,0.0,31.487635079651227,39.96507529340348,43.90102967835988,75.38866475801112,FeNOMeasurement,65.70016165657997
66.00292737849969,0.0,0.0,0.0,0.0,33.926196728056404,35.62668798614383,0.0,0.0,0.0,0.0,0.0,0.0,0.0,0.0,0.0,0.0612644720610831,0.08058547973632812,0.0,0.0,0.0,0.0,0.0,0.0,31.184869357731504,39.66230957148376,43.90102967835988,75.38866475801112,0.0,30.88210363581178,39.359543849564034,43.598263956440164,75.08589903609139,0.0,31.487635079651227,39.96507529340348,43.90102967835988,75.38866475801112,FeNOMeasurement,66.00292737849969
66.30569310041942,0.0,0.0,0.0,0.0,33.959086584721675,35.63098663634185,0.0,0.0,0.0,0.0,0.0,0.0,0.0,0.0,0.0,0.04412681719201572,0.060785547728784195,0.0,0.0,0.0,0.0,0.0,0.0,31.184869357731504,39.66230957148376,43.90102967835988,75.38866475801112,0.0,30.88210363581178,39.359543849564034,43.598263956440164,75.08589903609139,0.0,31.487635079651227,39.96507529340348,43.90102967835988,75.38866475801112,FeNOMeasurement,66.30569310041942
66.60845882233913,0.0,0.0,0.0,0.0,34.014445416881244,35.65869353988586,0.0,0.0,0.0,0.0,0.0,0.0,0.0,0.0,0.0,0.08085231907320178,0.07740541533469525,0.0,0.0,0.0,0.0,0.0,0.0,31.184869357731504,39.66230957148376,43.90102967835988,75.38866475801112,0.0,30.88210363581178,39.359543849564034,43.598263956440164,75.08589903609139,0.0,31.487635079651227,39.96507529340348,43.90102967835988,75.38866475801112,FeNOMeasurement,66.60845882233913
66.91122454425886,0.0,0.0,0.0,0.0,34.00308020581272,35.61503520615804,0.0,0.0,0.0,0.0,0.0,0.0,0.0,0.0,0.0,0.03937238737528048,0.0412140678188635,0.0,0.0,0.0,0.0,0.0,0.0,31.184869357731504,39.66230957148376,43.90102967835988,75.38866475801112,0.0,30.88210363581178,39.359543849564034,43.598263956440164,75.08589903609139,0.0,31.487635079651227,39.96507529340348,43.90102967835988,75.38866475801112,FeNOMeasurement,66.91122454425886
67.21399026617858,0.0,0.0,0.0,0.0,33.998693929257136,35.663391436825464,0.0,0.0,0.0,0.0,0.0,0.0,0.0,0.0,0.0,0.05984329156878232,0.11827587526370564,0.0,0.0,0.0,0.0,0.0,0.0,31.184869357731504,39.66230957148376,43.90102967835988,75.38866475801112,0.0,30.88210363581178,39.359543849564034,43.598263956440164,75.08589903609139,0.0,31.487635079651227,39.96507529340348,43.90102967835988,75.38866475801112,FeNOMeasurement,67.21399026617858
67.51675598809831,0.0,0.0,0.0,0.0,33.96947783108893,35.654550982016005,0.0,0.0,0.0,0.0,0.0,0.0,0.0,0.0,0.0,0.05840689084964623,0.022304117063399076,0.0,0.0,0.0,0.0,0.0,0.0,31.184869357731504,39.66230957148376,43.90102967835988,75.38866475801112,0.0,30.88210363581178,39.359543849564034,43.598263956440164,75.08589903609139,0.0,31.487635079651227,39.96507529340348,43.90102967835988,75.38866475801112,FeNOMeasurement,67.51675598809831
67.81952171001802,0.0,0.0,0.0,0.0,33.92244932757539,35.644341158682415,0.0,0.0,0.0,0.0,0.0,0.0,0.0,0.0,0.0,0.022479282343027762,0.03471338410162872,0.0,0.0,0.0,0.0,0.0,0.0,31.184869357731504,39.66230957148376,43.90102967835988,75.38866475801112,0.0,30.88210363581178,39.359543849564034,43.598263956440164,75.08589903609139,0.0,31.487635079651227,39.96507529340348,43.90102967835988,75.38866475801112,FeNOMeasurement,67.81952171001802
68.12228743193775,0.0,0.0,0.0,0.0,33.92672522979266,35.66989060330366,0.0,0.0,0.0,0.0,0.0,0.0,0.0,0.0,0.0,0.058242245728280295,0.04532503403947885,0.0,0.0,0.0,0.0,0.0,0.0,31.184869357731504,39.66230957148376,43.90102967835988,75.38866475801112,0.0,30.88210363581178,39.359543849564034,43.598263956440164,75.08589903609139,0.0,31.487635079651227,39.96507529340348,43.90102967835988,75.38866475801112,FeNOMeasurement,68.12228743193775
68.42505315385748,0.0,0.0,0.0,0.0,33.93894005650783,35.656469889734936,0.0,0.0,0.0,0.0,0.0,0.0,0.0,0.0,0.0,0.05754682629304142,0.12848744916295374,0.0,0.0,0.0,0.0,0.0,0.0,31.184869357731504,39.66230957148376,43.90102967835988,75.38866475801112,0.0,30.88210363581178,39.359543849564034,43.598263956440164,75.08589903609139,0.0,31.487635079651227,39.96507529340348,43.90102967835988,75.38866475801112,FeNOMeasurement,68.42505315385748
68.7278188757772,0.0,0.0,0.0,0.0,33.957435864423786,35.68855426566931,0.0,0.0,0.0,0.0,0.0,0.0,0.0,0.0,0.0,0.11330088493982515,0.11415089552790647,0.0,0.0,0.0,0.0,0.0,0.0,31.184869357731504,39.66230957148376,43.90102967835988,75.38866475801112,0.0,30.88210363581178,39.359543849564034,43.598263956440164,75.08589903609139,0.0,31.487635079651227,39.96507529340348,43.90102967835988,75.38866475801112,FeNOMeasurement,68.7278188757772
69.03058459769692,0.0,0.0,0.0,0.0,33.97928555523239,35.68280320022386,0.0,0.0,0.0,0.0,0.0,0.0,0.0,0.0,0.0,0.021975731346572047,0.024966088271803244,0.0,0.0,0.0,0.0,0.0,0.0,31.184869357731504,39.66230957148376,43.90102967835988,75.38866475801112,0.0,30.88210363581178,39.359543849564034,43.598263956440164,75.08589903609139,0.0,31.487635079651227,39.96507529340348,43.90102967835988,75.38866475801112,FeNOMeasurement,69.03058459769692
69.33335031961664,0.0,0.0,0.0,0.0,33.94237902840185,35.60967298587282,0.0,0.0,0.0,0.0,0.0,0.0,0.0,0.0,0.0,0.0805036103075949,0.1053100472117805,0.0,0.0,0.0,0.0,0.0,0.0,31.184869357731504,39.66230957148376,43.90102967835988,75.38866475801112,0.0,30.88210363581178,39.359543849564034,43.598263956440164,75.08589903609139,0.0,31.487635079651227,39.96507529340348,43.90102967835988,75.38866475801112,FeNOMeasurement,69.33335031961664
69.63611604153637,0.0,0.0,0.0,0.0,33.99686195109516,35.618752200261945,0.0,0.0,0.0,0.0,0.0,0.0,0.0,0.0,0.0,0.055572810141811146,0.08058547973632812,0.0,0.0,0.0,0.0,0.0,0.0,31.184869357731504,39.66230957148376,43.90102967835988,75.38866475801112,0.0,30.88210363581178,39.359543849564034,43.598263956440164,75.08589903609139,0.0,31.487635079651227,39.96507529340348,43.90102967835988,75.38866475801112,FeNOMeasurement,69.63611604153637
69.9388817634561,0.0,0.0,0.0,0.0,34.0087883807738,35.668059310025185,0.0,0.0,0.0,0.0,0.0,0.0,0.0,0.0,0.0,0.003771022524894363,0.05100459566266835,0.0,0.0,0.0,0.0,0.0,0.0,31.184869357731504,39.66230957148376,43.90102967835988,75.38866475801112,0.0,30.88210363581178,39.359543849564034,43.598263956440164,75.08589903609139,0.0,31.487635079651227,39.96507529340348,43.90102967835988,75.38866475801112,FeNOMeasurement,69.9388817634561
70.24164748537582,0.0,0.0,0.0,0.0,33.99199406672837,35.65870876244806,0.0,0.0,0.0,0.0,0.0,0.0,0.0,0.0,0.0,0.13467244302668036,0.055352434426581,0.0,0.0,0.0,0.0,0.0,0.0,31.184869357731504,39.66230957148376,43.90102967835988,75.38866475801112,0.0,30.88210363581178,39.359543849564034,43.598263956440164,75.08589903609139,0.0,31.487635079651227,39.96507529340348,43.90102967835988,75.38866475801112,FeNOMeasurement,70.24164748537582
70.54441320729553,0.0,0.0,0.0,0.0,33.99236022515974,35.619797996067476,0.0,0.0,0.0,0.0,0.0,0.0,0.0,0.0,0.0,0.10630092817476111,0.053768124950892116,0.0,0.0,0.0,0.0,0.0,0.0,31.184869357731504,39.66230957148376,43.90102967835988,75.38866475801112,0.0,30.88210363581178,39.359543849564034,43.598263956440164,75.08589903609139,0.0,31.487635079651227,39.96507529340348,43.90102967835988,75.38866475801112,FeNOMeasurement,70.54441320729553
70.84717892921526,0.0,0.0,0.0,0.0,33.965281904785385,35.614361165170614,0.0,0.0,0.0,0.0,0.0,0.0,0.0,0.0,0.0,0.07910804699250917,0.05394420776784159,0.0,0.0,0.0,0.0,0.0,0.0,31.184869357731504,39.66230957148376,43.90102967835988,75.38866475801112,0.0,30.88210363581178,39.359543849564034,43.598263956440164,75.08589903609139,0.0,31.487635079651227,39.96507529340348,43.90102967835988,75.38866475801112,FeNOMeasurement,70.84717892921526
71.14994465113499,0.0,0.0,0.0,0.0,33.94908908687894,35.61547671016668,0.0,0.0,0.0,0.0,0.0,0.0,0.0,0.0,0.0,0.05528996420949284,0.08058547973632812,0.0,0.0,0.0,0.0,0.0,0.0,31.184869357731504,39.66230957148376,43.90102967835988,75.38866475801112,0.0,30.88210363581178,39.359543849564034,43.598263956440164,75.08589903609139,0.0,31.487635079651227,39.96507529340348,43.90102967835988,75.38866475801112,FeNOMeasurement,71.14994465113499
71.45271037305471,0.0,0.0,0.0,0.0,33.94416913121043,35.679275370012036,0.0,0.0,0.0,0.0,0.0,0.0,0.0,0.0,0.0,0.07703454840305568,0.055979755078638505,0.0,0.0,0.0,0.0,0.0,0.0,31.184869357731504,39.66230957148376,43.90102967835988,75.38866475801112,0.0,30.88210363581178,39.359543849564034,43.598263956440164,75.08589903609139,0.0,31.487635079651227,39.96507529340348,43.90102967835988,75.38866475801112,FeNOMeasurement,71.45271037305471
71.75547609497443,0.0,0.0,0.0,0.0,33.965937500584964,35.67314107408346,0.0,0.0,0.0,0.0,0.0,0.0,0.0,0.0,0.0,0.05186286185853106,0.019349649730401097,0.0,0.0,0.0,0.0,0.0,0.0,31.184869357731504,39.66230957148376,43.90102967835988,75.38866475801112,0.0,30.88210363581178,39.359543849564034,43.598263956440164,75.08589903609139,0.0,31.487635079651227,39.96507529340348,43.90102967835988,75.38866475801112,FeNOMeasurement,71.75547609497443
72.05824181689415,0.0,0.0,0.0,0.0,33.974948651079146,35.63430025459015,0.0,0.0,0.0,0.0,0.0,0.0,0.0,0.0,0.0,0.1267252563414374,0.051778368862294144,0.0,0.0,0.0,0.0,0.0,0.0,31.184869357731504,39.66230957148376,43.90102967835988,75.38866475801112,0.0,30.88210363581178,39.359543849564034,43.598263956440164,75.08589903609139,0.0,31.487635079651227,39.96507529340348,43.90102967835988,75.38866475801112,FeNOMeasurement,72.05824181689415
72.36100753881388,0.0,0.0,0.0,0.0,33.949362228423205,35.57722793623698,0.0,0.0,0.0,0.0,0.0,0.0,0.0,0.0,0.0,0.03494093759520922,0.07683596151748162,0.0,0.0,0.0,0.0,0.0,0.0,31.184869357731504,39.66230957148376,43.90102967835988,75.38866475801112,0.0,30.88210363581178,39.359543849564034,43.598263956440164,75.08589903609139,0.0,31.487635079651227,39.96507529340348,43.90102967835988,75.38866475801112,FeNOMeasurement,72.36100753881388
72.6637732607336,0.0,0.0,0.0,0.0,33.968388550323496,35.602184322029174,0.0,0.0,0.0,0.0,0.0,0.0,0.0,0.0,0.0,0.1312463686490304,0.09971542274760736,0.0,0.0,0.0,0.0,0.0,0.0,31.184869357731504,39.66230957148376,43.90102967835988,75.38866475801112,0.0,30.88210363581178,39.359543849564034,43.598263956440164,75.08589903609139,0.0,31.487635079651227,39.96507529340348,43.90102967835988,75.38866475801112,FeNOMeasurement,72.6637732607336
72.96653898265332,0.0,0.0,0.0,0.0,33.99417546183124,35.656794910968685,0.0,0.0,0.0,0.0,0.0,0.0,0.0,0.0,0.0,0.010671126991439905,0.05132323331360311,0.0,0.0,0.0,0.0,0.0,0.0,31.184869357731504,39.66230957148376,43.90102967835988,75.38866475801112,0.0,30.88210363581178,39.359543849564034,43.598263956440164,75.08589903609139,0.0,31.487635079651227,39.96507529340348,43.90102967835988,75.38866475801112,FeNOMeasurement,72.96653898265332
73.26930470457305,0.0,0.0,0.0,0.0,33.97362569576528,35.65325420465216,0.0,0.0,0.0,0.0,0.0,0.0,0.0,0.0,0.0,0.09990058162697579,0.030870049614200923,0.0,0.0,0.0,0.0,0.0,0.0,31.184869357731504,39.66230957148376,43.90102967835988,75.38866475801112,0.0,30.88210363581178,39.359543849564034,43.598263956440164,75.08589903609139,0.0,31.487635079651227,39.96507529340348,43.90102967835988,75.38866475801112,FeNOMeasurement,73.26930470457305
73.57207042649277,0.0,0.0,0.0,0.0,33.98412869705628,35.650351191454675,0.0,0.0,0.0,0.0,0.0,0.0,0.0,0.0,0.0,0.06644588847001387,0.06704047752957365,0.0,0.0,0.0,0.0,0.0,0.0,31.184869357731504,39.66230957148376,43.90102967835988,75.38866475801112,0.0,30.88210363581178,39.359543849564034,43.598263956440164,75.08589903609139,0.0,31.487635079651227,39.96507529340348,43.90102967835988,75.38866475801112,FeNOMeasurement,73.57207042649277
73.8748361484125,0.0,0.0,0.0,0.0,33.961180528568505,35.64349814153671,0.0,0.0,0.0,0.0,0.0,0.0,0.0,0.0,0.0,0.08085320558262055,0.01695295686720044,0.0,0.0,0.0,0.0,0.0,0.0,31.184869357731504,39.66230957148376,43.90102967835988,75.38866475801112,0.0,30.88210363581178,39.359543849564034,43.598263956440164,75.08589903609139,0.0,31.487635079651227,39.96507529340348,43.90102967835988,75.38866475801112,FeNOMeasurement,73.8748361484125
74.17760187033223,0.0,0.0,0.0,0.0,33.97077423841093,35.6503268663744,0.0,0.0,0.0,0.0,0.0,0.0,0.0,0.0,0.0,0.06473728675173618,0.06511348107685677,0.0,0.0,0.0,0.0,0.0,0.0,31.184869357731504,39.66230957148376,43.90102967835988,75.38866475801112,0.0,30.88210363581178,39.359543849564034,43.598263956440164,75.08589903609139,0.0,31.487635079651227,39.96507529340348,43.90102967835988,75.38866475801112,FeNOMeasurement,74.17760187033223
74.48036759225194,0.0,0.0,0.0,0.0,33.9706681284397,35.624049458210976,0.0,0.0,0.0,0.0,0.0,0.0,0.0,0.0,0.0,0.1279847936273768,0.11323796690786025,0.0,0.0,0.0,0.0,0.0,0.0,31.184869357731504,39.66230957148376,43.90102967835988,75.38866475801112,0.0,30.88210363581178,39.359543849564034,43.598263956440164,75.08589903609139,0.0,31.487635079651227,39.96507529340348,43.90102967835988,75.38866475801112,FeNOMeasurement,74.48036759225194
74.78313331417166,0.0,0.0,0.0,0.0,33.94451510417569,35.60178233180822,0.0,0.0,0.0,0.0,0.0,0.0,0.0,0.0,0.0,0.11386577067203518,0.08096360622796794,0.0,0.0,0.0,0.0,0.0,0.0,31.184869357731504,39.66230957148376,43.90102967835988,75.38866475801112,0.0,30.88210363581178,39.359543849564034,43.598263956440164,75.08589903609139,0.0,31.487635079651227,39.96507529340348,43.90102967835988,75.38866475801112,FeNOMeasurement,74.78313331417166
75.08589903609139,0.0,0.0,0.0,0.0,33.89268456718112,35.57590348836986,0.0,0.0,0.0,0.0,0.0,0.0,0.0,0.0,0.0,0.0,0.0,0.0,0.0,0.0,0.0,0.0,0.0,31.184869357731504,39.66230957148376,43.90102967835988,75.38866475801112,0.0,30.88210363581178,39.359543849564034,43.598263956440164,75.08589903609139,0.0,31.487635079651227,39.96507529340348,43.90102967835988,75.38866475801112,FeNOMeasurement,75.08589903609139
75.38866475801112,0.0,0.0,0.0,0.0,33.90120291803856,35.606853441629326,0.0,0.0,0.0,0.0,0.0,0.0,0.0,0.0,0.0,0.022518967637530807,0.06773691549633298,0.0,0.0,0.0,0.0,0.0,0.0,31.184869357731504,39.66230957148376,43.90102967835988,75.38866475801112,0.0,30.88210363581178,39.359543849564034,43.598263956440164,75.08589903609139,0.0,31.487635079651227,39.96507529340348,43.90102967835988,75.38866475801112,CleaningCycle,75.38866475801112
75.69143047993083,0.0,0.0,0.0,0.0,33.9179508628332,35.6422469976965,0.0,0.0,0.0,0.0,0.0,0.0,0.0,0.0,0.0,0.1274780414767065,0.06846030905504108,0.0,0.0,0.0,0.0,0.0,0.0,31.184869357731504,39.66230957148376,43.90102967835988,75.38866475801112,0.0,30.88210363581178,39.359543849564034,43.598263956440164,75.08589903609139,0.0,31.487635079651227,39.96507529340348,43.90102967835988,75.38866475801112,CleaningCycle,75.69143047993083
75.99419620185056,0.0,0.0,0.0,0.0,33.89700875633213,35.6075786878864,0.0,0.0,0.0,0.0,0.0,0.0,0.0,0.0,0.0,0.034474628828604637,0.19557233666960627,0.0,0.0,0.0,0.0,0.0,0.0,31.184869357731504,39.66230957148376,43.90102967835988,75.38866475801112,0.0,30.88210363581178,39.359543849564034,43.598263956440164,75.08589903609139,0.0,31.487635079651227,39.96507529340348,43.90102967835988,75.38866475801112,CleaningCycle,75.99419620185056
76.29696192377028,0.0,0.0,0.0,0.0,33.92024347476423,35.60548223024014,0.0,0.0,0.0,0.0,0.0,0.0,0.0,0.0,0.0,0.01107120254648919,0.05483997333485746,0.0,0.0,0.0,0.0,0.0,0.0,31.184869357731504,39.66230957148376,43.90102967835988,75.38866475801112,0.0,30.88210363581178,39.359543849564034,43.598263956440164,75.08589903609139,0.0,31.487635079651227,39.96507529340348,43.90102967835988,75.38866475801112,CleaningCycle,76.29696192377028
76.59972764569001,0.0,0.0,0.0,0.0,33.95292873052646,35.60757716654206,0.0,0.0,0.0,0.0,0.0,0.0,0.0,0.0,0.0,0.1170417511300812,0.04424768092765419,0.0,0.0,0.0,0.0,0.0,0.0,31.184869357731504,39.66230957148376,43.90102967835988,75.38866475801112,0.0,30.88210363581178,39.359543849564034,43.598263956440164,75.08589903609139,0.0,31.487635079651227,39.96507529340348,43.90102967835988,75.38866475801112,CleaningCycle,76.59972764569001
76.90249336760972,0.0,0.0,0.0,0.0,33.963534775721335,35.620767046660795,0.0,0.0,0.0,0.0,0.0,0.0,0.0,0.0,0.0,0.13079146241813078,0.07362279891813728,0.0,0.0,0.0,0.0,0.0,0.0,31.184869357731504,39.66230957148376,43.90102967835988,75.38866475801112,0.0,30.88210363581178,39.359543849564034,43.598263956440164,75.08589903609139,0.0,31.487635079651227,39.96507529340348,43.90102967835988,75.38866475801112,CleaningCycle,76.90249336760972
77.20525908952945,0.0,0.0,0.0,0.0,33.93637326519798,35.60597881339068,0.0,0.0,0.0,0.0,0.0,0.0,0.0,0.0,0.0,0.03715980310389,0.08058547973632812,0.0,0.0,0.0,0.0,0.0,0.0,31.184869357731504,39.66230957148376,43.90102967835988,75.38866475801112,0.0,30.88210363581178,39.359543849564034,43.598263956440164,75.08589903609139,0.0,31.487635079651227,39.96507529340348,43.90102967835988,75.38866475801112,CleaningCycle,77.20525908952945
77.50802481144918,0.0,0.0,0.0,0.0,33.91758192604083,35.58413754549794,0.0,0.0,0.0,0.0,0.0,0.0,0.0,0.0,0.0,0.11807374088456868,0.08112093142892718,0.0,0.0,0.0,0.0,0.0,0.0,31.184869357731504,39.66230957148376,43.90102967835988,75.38866475801112,0.0,30.88210363581178,39.359543849564034,43.598263956440164,75.08589903609139,0.0,31.487635079651227,39.96507529340348,43.90102967835988,75.38866475801112,CleaningCycle,77.50802481144918
77.8107905333689,0.0,0.0,0.0,0.0,33.95272514605726,35.62183099995098,0.0,0.0,0.0,0.0,0.0,0.0,0.0,0.0,0.0,0.0433230498858066,0.01086639552953983,0.0,0.0,0.0,0.0,0.0,0.0,31.184869357731504,39.66230957148376,43.90102967835988,75.38866475801112,0.0,30.88210363581178,39.359543849564034,43.598263956440164,75.08589903609139,0.0,31.487635079651227,39.96507529340348,43.90102967835988,75.38866475801112,CleaningCycle,77.8107905333689
78.11355625528863,0.0,0.0,0.0,0.0,33.97187910325415,35.63887213815469,0.0,0.0,0.0,0.0,0.0,0.0,0.0,0.0,0.0,0.15725765963747307,0.0426714063968916,0.0,0.0,0.0,0.0,0.0,0.0,31.184869357731504,39.66230957148376,43.90102967835988,75.38866475801112,0.0,30.88210363581178,39.359543849564034,43.598263956440164,75.08589903609139,0.0,31.487635079651227,39.96507529340348,43.90102967835988,75.38866475801112,CleaningCycle,78.11355625528863
78.41632197720834,0.0,0.0,0.0,0.0,33.93812689894075,35.631778556709975,0.0,0.0,0.0,0.0,0.0,0.0,0.0,0.0,0.0,0.11726132089865615,0.04332569047142698,0.0,0.0,0.0,0.0,0.0,0.0,31.184869357731504,39.66230957148376,43.90102967835988,75.38866475801112,0.0,30.88210363581178,39.359543849564034,43.598263956440164,75.08589903609139,0.0,31.487635079651227,39.96507529340348,43.90102967835988,75.38866475801112,CleaningCycle,78.41632197720834
78.71908769912807,0.0,0.0,0.0,0.0,33.946168354678946,35.62990999296075,0.0,0.0,0.0,0.0,0.0,0.0,0.0,0.0,0.0,0.0041385745293140985,0.0,0.0,0.0,0.0,0.0,0.0,0.0,31.184869357731504,39.66230957148376,43.90102967835988,75.38866475801112,0.0,30.88210363581178,39.359543849564034,43.598263956440164,75.08589903609139,0.0,31.487635079651227,39.96507529340348,43.90102967835988,75.38866475801112,CleaningCycle,78.71908769912807
79.0218534210478,0.0,0.0,0.0,0.0,33.947241504911176,35.65510301614191,0.0,0.0,0.0,0.0,0.0,0.0,0.0,0.0,0.0,0.04153315347892317,0.07850562383954696,0.0,0.0,0.0,0.0,0.0,0.0,31.184869357731504,39.66230957148376,43.90102967835988,75.38866475801112,0.0,30.88210363581178,39.359543849564034,43.598263956440164,75.08589903609139,0.0,31.487635079651227,39.96507529340348,43.90102967835988,75.38866475801112,CleaningCycle,79.0218534210478
79.32461914296752,0.0,0.0,0.0,0.0,33.92248411951891,35.64709341397615,0.0,0.0,0.0,0.0,0.0,0.0,0.0,0.0,0.0,0.04005373553637526,0.16117477416992188,0.0,0.0,0.0,0.0,0.0,0.0,31.184869357731504,39.66230957148376,43.90102967835988,75.38866475801112,0.0,30.88210363581178,39.359543849564034,43.598263956440164,75.08589903609139,0.0,31.487635079651227,39.96507529340348,43.90102967835988,75.38866475801112,CleaningCycle,79.32461914296752
79.62738486488723,0.0,0.0,0.0,0.0,33.93013267965917,35.6544486387461,0.0,0.0,0.0,0.0,0.0,0.0,0.0,0.0,0.0,0.04106509276155634,0.0017501413918665776,0.0,0.0,0.0,0.0,0.0,0.0,31.184869357731504,39.66230957148376,43.90102967835988,75.38866475801112,0.0,30.88210363581178,39.359543849564034,43.598263956440164,75.08589903609139,0.0,31.487635079651227,39.96507529340348,43.90102967835988,75.38866475801112,CleaningCycle,79.62738486488723
79.93015058680696,0.0,0.0,0.0,0.0,33.96330859172913,35.65489098146443,0.0,0.0,0.0,0.0,0.0,0.0,0.0,0.0,0.0,0.0390476575794807,0.07849324416476122,0.0,0.0,0.0,0.0,0.0,0.0,31.184869357731504,39.66230957148376,43.90102967835988,75.38866475801112,0.0,30.88210363581178,39.359543849564034,43.598263956440164,75.08589903609139,0.0,31.487635079651227,39.96507529340348,43.90102967835988,75.38866475801112,CleaningCycle,79.93015058680696
80.23291630872669,0.0,0.0,0.0,0.0,33.978816864885246,35.655896221759214,0.0,0.0,0.0,0.0,0.0,0.0,0.0,0.0,0.0,0.0,0.04066643653596458,0.0,0.0,0.0,0.0,0.0,0.0,31.184869357731504,39.66230957148376,43.90102967835988,75.38866475801112,0.0,30.88210363581178,39.359543849564034,43.598263956440164,75.08589903609139,0.0,31.487635079651227,39.96507529340348,43.90102967835988,75.38866475801112,CleaningCycle,80.23291630872669
80.53568203064641,0.0,0.0,0.0,0.0,33.9621745022674,35.68721550762505,0.0,0.0,0.0,0.0,0.0,0.0,0.0,0.0,0.0,0.04168010340853101,0.0013334187379712148,0.0,0.0,0.0,0.0,0.0,0.0,31.184869357731504,39.66230957148376,43.90102967835988,75.38866475801112,0.0,30.88210363581178,39.359543849564034,43.598263956440164,75.08589903609139,0.0,31.487635079651227,39.96507529340348,43.90102967835988,75.38866475801112,CleaningCycle,80.53568203064641
80.83844775256613,0.0,0.0,0.0,0.0,33.92945273427928,35.63625451217111,0.0,0.0,0.0,0.0,0.0,0.0,0.0,0.0,0.0,0.03843264693251314,0.036045174143843894,0.0,0.0,0.0,0.0,0.0,0.0,31.184869357731504,39.66230957148376,43.90102967835988,75.38866475801112,0.0,30.88210363581178,39.359543849564034,43.598263956440164,75.08589903609139,0.0,31.487635079651227,39.96507529340348,43.90102967835988,75.38866475801112,CleaningCycle,80.83844775256613
81.14121347448585,0.0,0.0,0.0,0.0,33.939791036524824,35.633245160899016,0.0,0.0,0.0,0.0,0.0,0.0,0.0,0.0,0.0,0.005467103634146042,0.048236775544594934,0.0,0.0,0.0,0.0,0.0,0.0,31.184869357731504,39.66230957148376,43.90102967835988,75.38866475801112,0.0,30.88210363581178,39.359543849564034,43.598263956440164,75.08589903609139,0.0,31.487635079651227,39.96507529340348,43.90102967835988,75.38866475801112,CleaningCycle,81.14121347448585
81.44397919640558,0.0,0.0,0.0,0.0,33.92762879466453,35.644378033073416,0.0,0.0,0.0,0.0,0.0,0.0,0.0,0.0,0.0,0.0019899483451411015,0.04309829159439005,0.0,0.0,0.0,0.0,0.0,0.0,31.184869357731504,39.66230957148376,43.90102967835988,75.38866475801112,0.0,30.88210363581178,39.359543849564034,43.598263956440164,75.08589903609139,0.0,31.487635079651227,39.96507529340348,43.90102967835988,75.38866475801112,CleaningCycle,81.44397919640558
81.7467449183253,0.0,0.0,0.0,0.0,33.899120972368166,35.62347660102621,0.0,0.0,0.0,0.0,0.0,0.0,0.0,0.0,0.0,0.04357102098968113,0.07349346580069493,0.0,0.0,0.0,0.0,0.0,0.0,31.184869357731504,39.66230957148376,43.90102967835988,75.38866475801112,0.0,30.88210363581178,39.359543849564034,43.598263956440164,75.08589903609139,0.0,31.487635079651227,39.96507529340348,43.90102967835988,75.38866475801112,CleaningCycle,81.7467449183253
82.04951064024503,0.0,0.0,0.0,0.0,33.914777114605876,35.65729284518921,0.0,0.0,0.0,0.0,0.0,0.0,0.0,0.0,0.0,0.03856351519623047,0.07990589224984035,0.0,0.0,0.0,0.0,0.0,0.0,31.184869357731504,39.66230957148376,43.90102967835988,75.38866475801112,0.0,30.88210363581178,39.359543849564034,43.598263956440164,75.08589903609139,0.0,31.487635079651227,39.96507529340348,43.90102967835988,75.38866475801112,CleaningCycle,82.04951064024503
82.35227636216474,0.0,0.0,0.0,0.0,33.96686517162734,35.63460752640684,0.0,0.0,0.0,0.0,0.0,0.0,0.0,0.0,0.0,0.08004824320475024,0.038222473954675706,0.0,0.0,0.0,0.0,0.0,0.0,31.184869357731504,39.66230957148376,43.90102967835988,75.38866475801112,0.0,30.88210363581178,39.359543849564034,43.598263956440164,75.08589903609139,0.0,31.487635079651227,39.96507529340348,43.90102967835988,75.38866475801112,CleaningCycle,82.35227636216474
82.65504208408447,0.0,0.0,0.0,0.0,34.01222309899922,35.63936494306847,0.0,0.0,0.0,0.0,0.0,0.0,0.0,0.0,0.0,0.04469225069914273,0.04439740783223556,0.0,0.0,0.0,0.0,0.0,0.0,31.184869357731504,39.66230957148376,43.90102967835988,75.38866475801112,0.0,30.88210363581178,39.359543849564034,43.598263956440164,75.08589903609139,0.0,31.487635079651227,39.96507529340348,43.90102967835988,75.38866475801112,CleaningCycle,82.65504208408447
82.9578078060042,0.0,0.0,0.0,0.0,33.98309021193984,35.63939286227317,0.0,0.0,0.0,0.0,0.0,0.0,0.0,0.0,0.0,0.07901178505591844,0.05332452320843828,0.0,0.0,0.0,0.0,0.0,0.0,31.184869357731504,39.66230957148376,43.90102967835988,75.38866475801112,0.0,30.88210363581178,39.359543849564034,43.598263956440164,75.08589903609139,0.0,31.487635079651227,39.96507529340348,43.90102967835988,75.38866475801112,CleaningCycle,82.9578078060042
83.26057352792392,0.0,0.0,0.0,0.0,33.96308209392761,35.59658007807744,0.0,0.0,0.0,0.0,0.0,0.0,0.0,0.0,0.0,0.09179157187583797,0.08961328826225667,0.0,0.0,0.0,0.0,0.0,0.0,31.184869357731504,39.66230957148376,43.90102967835988,75.38866475801112,0.0,30.88210363581178,39.359543849564034,43.598263956440164,75.08589903609139,0.0,31.487635079651227,39.96507529340348,43.90102967835988,75.38866475801112,CleaningCycle,83.26057352792392
83.56333924984364,0.0,0.0,0.0,0.0,33.96194151399108,35.61918321166915,0.0,0.0,0.0,0.0,0.0,0.0,0.0,0.0,0.0,0.12703377781675584,0.08058547973632812,0.0,0.0,0.0,0.0,0.0,0.0,31.184869357731504,39.66230957148376,43.90102967835988,75.38866475801112,0.0,30.88210363581178,39.359543849564034,43.598263956440164,75.08589903609139,0.0,31.487635079651227,39.96507529340348,43.90102967835988,75.38866475801112,CleaningCycle,83.56333924984364
83.86610497176336,0.0,0.0,0.0,0.0,33.94529987031838,35.65627982123058,0.0,0.0,0.0,0.0,0.0,0.0,0.0,0.0,0.0,0.11448838173087239,0.09260916410622855,0.0,0.0,0.0,0.0,0.0,0.0,31.184869357731504,39.66230957148376,43.90102967835988,75.38866475801112,0.0,30.88210363581178,39.359543849564034,43.598263956440164,75.08589903609139,0.0,31.487635079651227,39.96507529340348,43.90102967835988,75.38866475801112,CleaningCycle,83.86610497176336
84.16887069368309,0.0,0.0,0.0,0.0,33.95229596387043,35.6584529640657,0.0,0.0,0.0,0.0,0.0,0.0,0.0,0.0,0.0,0.05705953859730073,0.10345778024498742,0.0,0.0,0.0,0.0,0.0,0.0,31.184869357731504,39.66230957148376,43.90102967835988,75.38866475801112,0.0,30.88210363581178,39.359543849564034,43.598263956440164,75.08589903609139,0.0,31.487635079651227,39.96507529340348,43.90102967835988,75.38866475801112,CleaningCycle,84.16887069368309
84.47163641560282,0.0,0.0,0.0,0.0,33.91950376873448,35.650983225894144,0.0,0.0,0.0,0.0,0.0,0.0,0.0,0.0,0.0,0.03281927070861457,0.06409443212704957,0.0,0.0,0.0,0.0,0.0,0.0,31.184869357731504,39.66230957148376,43.90102967835988,75.38866475801112,0.0,30.88210363581178,39.359543849564034,43.598263956440164,75.08589903609139,0.0,31.487635079651227,39.96507529340348,43.90102967835988,75.38866475801112,CleaningCycle,84.47163641560282
84.77440213752253,0.0,0.0,0.0,0.0,33.94840909851159,35.64612408090232,0.0,0.0,0.0,0.0,0.0,0.0,0.0,0.0,0.0,0.0957430948210316,0.11330096065065476,0.0,0.0,0.0,0.0,0.0,0.0,31.184869357731504,39.66230957148376,43.90102967835988,75.38866475801112,0.0,30.88210363581178,39.359543849564034,43.598263956440164,75.08589903609139,0.0,31.487635079651227,39.96507529340348,43.90102967835988,75.38866475801112,CleaningCycle,84.77440213752253
85.07716785944226,0.0,0.0,0.0,0.0,33.97687189638648,35.6858522919612,0.0,0.0,0.0,0.0,0.0,0.0,0.0,0.0,0.0,0.032668273841210294,0.09797181206199923,0.0,0.0,0.0,0.0,0.0,0.0,31.184869357731504,39.66230957148376,43.90102967835988,75.38866475801112,0.0,30.88210363581178,39.359543849564034,43.598263956440164,75.08589903609139,0.0,31.487635079651227,39.96507529340348,43.90102967835988,75.38866475801112,CleaningCycle,85.07716785944226
85.37993358136198,0.0,0.0,0.0,0.0,34.000634583131784,35.720972716447484,0.0,0.0,0.0,0.0,0.0,0.0,0.0,0.0,0.0,0.11273036327840913,0.08128832131295383,0.0,0.0,0.0,0.0,0.0,0.0,31.184869357731504,39.66230957148376,43.90102967835988,75.38866475801112,0.0,30.88210363581178,39.359543849564034,43.598263956440164,75.08589903609139,0.0,31.487635079651227,39.96507529340348,43.90102967835988,75.38866475801112,CleaningCycle,85.37993358136198
85.68269930328171,0.0,0.0,0.0,0.0,33.98890098901787,35.68802345840094,0.0,0.0,0.0,0.0,0.0,0.0,0.0,0.0,0.0,0.060133021371079565,0.09750502962725704,0.0,0.0,0.0,0.0,0.0,0.0,31.184869357731504,39.66230957148376,43.90102967835988,75.38866475801112,0.0,30.88210363581178,39.359543849564034,43.598263956440164,75.08589903609139,0.0,31.487635079651227,39.96507529340348,43.90102967835988,75.38866475801112,CleaningCycle,85.68269930328171
85.98546502520144,0.0,0.0,0.0,0.0,33.99137654592607,35.6434784134636,0.0,0.0,0.0,0.0,0.0,0.0,0.0,0.0,0.0,0.14971042097998577,0.1798389423462936,0.0,0.0,0.0,0.0,0.0,0.0,31.184869357731504,39.66230957148376,43.90102967835988,75.38866475801112,0.0,30.88210363581178,39.359543849564034,43.598263956440164,75.08589903609139,0.0,31.487635079651227,39.96507529340348,43.90102967835988,75.38866475801112,CleaningCycle,85.98546502520144
86.28823074712115,0.0,0.0,0.0,0.0,33.98263012893218,35.64057872981266,0.0,0.0,0.0,0.0,0.0,0.0,0.0,0.0,0.0,0.14023575818629297,0.01993765208876397,0.0,0.0,0.0,0.0,0.0,0.0,31.184869357731504,39.66230957148376,43.90102967835988,75.38866475801112,0.0,30.88210363581178,39.359543849564034,43.598263956440164,75.08589903609139,0.0,31.487635079651227,39.96507529340348,43.90102967835988,75.38866475801112,CleaningCycle,86.28823074712115
86.59099646904087,0.0,0.0,0.0,0.0,33.98085342493376,35.63650955873997,0.0,0.0,0.0,0.0,0.0,0.0,0.0,0.0,0.0,0.18251863458704065,0.03989945591634836,0.0,0.0,0.0,0.0,0.0,0.0,31.184869357731504,39.66230957148376,43.90102967835988,75.38866475801112,0.0,30.88210363581178,39.359543849564034,43.598263956440164,75.08589903609139,0.0,31.487635079651227,39.96507529340348,43.90102967835988,75.38866475801112,CleaningCycle,86.59099646904087
86.8937621909606,0.0,0.0,0.0,0.0,33.95552069851884,35.600045399929336,0.0,0.0,0.0,0.0,0.0,0.0,0.0,0.0,0.0,0.08670849478834697,0.0723627014683359,0.0,0.0,0.0,0.0,0.0,0.0,31.184869357731504,39.66230957148376,43.90102967835988,75.38866475801112,0.0,30.88210363581178,39.359543849564034,43.598263956440164,75.08589903609139,0.0,31.487635079651227,39.96507529340348,43.90102967835988,75.38866475801112,CleaningCycle,86.8937621909606
87.19652791288033,0.0,0.0,0.0,0.0,33.91246592454952,35.64390706631494,0.0,0.0,0.0,0.0,0.0,0.0,0.0,0.0,0.0,0.10667274904312052,0.03304716578864486,0.0,0.0,0.0,0.0,0.0,0.0,31.184869357731504,39.66230957148376,43.90102967835988,75.38866475801112,0.0,30.88210363581178,39.359543849564034,43.598263956440164,75.08589903609139,0.0,31.487635079651227,39.96507529340348,43.90102967835988,75.38866475801112,CleaningCycle,87.19652791288033
87.49929363480004,0.0,0.0,0.0,0.0,33.9138860375429,35.658619054431355,0.0,0.0,0.0,0.0,0.0,0.0,0.0,0.0,0.0,0.08058547973632812,0.021938354439818397,0.0,0.0,0.0,0.0,0.0,0.0,31.184869357731504,39.66230957148376,43.90102967835988,75.38866475801112,0.0,30.88210363581178,39.359543849564034,43.598263956440164,75.08589903609139,0.0,31.487635079651227,39.96507529340348,43.90102967835988,75.38866475801112,CleaningCycle,87.49929363480004
87.80205935671977,0.0,0.0,0.0,0.0,33.98587296426295,35.667709792385395,0.0,0.0,0.0,0.0,0.0,0.0,0.0,0.0,0.0,0.05204950939841524,0.023516002942606917,0.0,0.0,0.0,0.0,0.0,0.0,31.184869357731504,39.66230957148376,43.90102967835988,75.38866475801112,0.0,30.88210363581178,39.359543849564034,43.598263956440164,75.08589903609139,0.0,31.487635079651227,39.96507529340348,43.90102967835988,75.38866475801112,CleaningCycle,87.80205935671977
88.1048250786395,0.0,0.0,0.0,0.0,33.9979896117607,35.65786783236064,0.0,0.0,0.0,0.0,0.0,0.0,0.0,0.0,0.0,0.026499528607175193,0.10788946171931002,0.0,0.0,0.0,0.0,0.0,0.0,31.184869357731504,39.66230957148376,43.90102967835988,75.38866475801112,0.0,30.88210363581178,39.359543849564034,43.598263956440164,75.08589903609139,0.0,31.487635079651227,39.96507529340348,43.90102967835988,75.38866475801112,CleaningCycle,88.1048250786395
88.40759080055922,0.0,0.0,0.0,0.0,33.98699597786603,35.63617359868513,0.0,0.0,0.0,0.0,0.0,0.0,0.0,0.0,0.0,0.10728860649346217,0.001984624898149434,0.0,0.0,0.0,0.0,0.0,0.0,31.184869357731504,39.66230957148376,43.90102967835988,75.38866475801112,0.0,30.88210363581178,39.359543849564034,43.598263956440164,75.08589903609139,0.0,31.487635079651227,39.96507529340348,43.90102967835988,75.38866475801112,CleaningCycle,88.40759080055922
88.71035652247893,0.0,0.0,0.0,0.0,33.96514560589244,35.64185770898356,0.0,0.0,0.0,0.0,0.0,0.0,0.0,0.0,0.0,0.08111907211115721,0.02723366694171858,0.0,0.0,0.0,0.0,0.0,0.0,31.184869357731504,39.66230957148376,43.90102967835988,75.38866475801112,0.0,30.88210363581178,39.359543849564034,43.598263956440164,75.08589903609139,0.0,31.487635079651227,39.96507529340348,43.90102967835988,75.38866475801112,CleaningCycle,88.71035652247893
89.01312224439866,0.0,0.0,0.0,0.0,33.96551418416509,35.624674651688665,0.0,0.0,0.0,0.0,0.0,0.0,0.0,0.0,0.0,0.10948218878405669,0.028879786391698303,0.0,0.0,0.0,0.0,0.0,0.0,31.184869357731504,39.66230957148376,43.90102967835988,75.38866475801112,0.0,30.88210363581178,39.359543849564034,43.598263956440164,75.08589903609139,0.0,31.487635079651227,39.96507529340348,43.90102967835988,75.38866475801112,CleaningCycle,89.01312224439866
89.31588796631839,0.0,0.0,0.0,0.0,33.95920900283737,35.65887381577262,0.0,0.0,0.0,0.0,0.0,0.0,0.0,0.0,0.0,0.08568560857784746,0.0861388238702574,0.0,0.0,0.0,0.0,0.0,0.0,31.184869357731504,39.66230957148376,43.90102967835988,75.38866475801112,0.0,30.88210363581178,39.359543849564034,43.598263956440164,75.08589903609139,0.0,31.487635079651227,39.96507529340348,43.90102967835988,75.38866475801112,CleaningCycle,89.31588796631839
89.61865368823811,0.0,0.0,0.0,0.0,33.954980271257135,35.657177319294085,0.0,0.0,0.0,0.0,0.0,0.0,0.0,0.0,0.0,0.05395264709851233,0.006022807671804742,0.0,0.0,0.0,0.0,0.0,0.0,31.184869357731504,39.66230957148376,43.90102967835988,75.38866475801112,0.0,30.88210363581178,39.359543849564034,43.598263956440164,75.08589903609139,0.0,31.487635079651227,39.96507529340348,43.90102967835988,75.38866475801112,CleaningCycle,89.61865368823811
89.92141941015784,0.0,0.0,0.0,0.0,33.96586521739728,35.64689002588757,0.0,0.0,0.0,0.0,0.0,0.0,0.0,0.0,0.0,0.13700049494540423,0.11197317121605721,0.0,0.0,0.0,0.0,0.0,0.0,31.184869357731504,39.66230957148376,43.90102967835988,75.38866475801112,0.0,30.88210363581178,39.359543849564034,43.598263956440164,75.08589903609139,0.0,31.487635079651227,39.96507529340348,43.90102967835988,75.38866475801112,CleaningCycle,89.92141941015784
90.22418513207755,0.0,0.0,0.0,0.0,33.97075285547199,35.624327381386465,0.0,0.0,0.0,0.0,0.0,0.0,0.0,0.0,0.0,0.13685747210148946,0.10463237952209425,0.0,0.0,0.0,0.0,0.0,0.0,31.184869357731504,39.66230957148376,43.90102967835988,75.38866475801112,0.0,30.88210363581178,39.359543849564034,43.598263956440164,75.08589903609139,0.0,31.487635079651227,39.96507529340348,43.90102967835988,75.38866475801112,CleaningCycle,90.22418513207755
90.52695085399728,0.0,0.0,0.0,0.0,33.935827154401906,35.62573538859404,0.0,0.0,0.0,0.0,0.0,0.0,0.0,0.0,0.0,0.11411372990721702,0.12889695068085416,0.0,0.0,0.0,0.0,0.0,0.0,31.184869357731504,39.66230957148376,43.90102967835988,75.38866475801112,0.0,30.88210363581178,39.359543849564034,43.598263956440164,75.08589903609139,0.0,31.487635079651227,39.96507529340348,43.90102967835988,75.38866475801112,CleaningCycle,90.52695085399728
90.829716575917,0.0,0.0,0.0,0.0,33.96913599285516,35.64253758023474,0.0,0.0,0.0,0.0,0.0,0.0,0.0,0.0,0.0,0.03229724106364529,0.04551394465752168,0.0,0.0,0.0,0.0,0.0,0.0,31.184869357731504,39.66230957148376,43.90102967835988,75.38866475801112,0.0,30.88210363581178,39.359543849564034,43.598263956440164,75.08589903609139,0.0,31.487635079651227,39.96507529340348,43.90102967835988,75.38866475801112,CleaningCycle,90.829716575917
91.13248229783673,0.0,0.0,0.0,0.0,33.98685334170325,35.611975588532786,0.0,0.0,0.0,0.0,0.0,0.0,0.0,0.0,0.0,0.08238108888319573,0.08058547973632812,0.0,0.0,0.0,0.0,0.0,0.0,31.184869357731504,39.66230957148376,43.90102967835988,75.38866475801112,0.0,30.88210363581178,39.359543849564034,43.598263956440164,75.08589903609139,0.0,31.487635079651227,39.96507529340348,43.90102967835988,75.38866475801112,CleaningCycle,91.13248229783673
91.43524801975644,0.0,0.0,0.0,0.0,33.93971794793513,35.645621051920365,0.0,0.0,0.0,0.0,0.0,0.0,0.0,0.0,0.0,0.030051543837927852,0.081714731965711,0.0,0.0,0.0,0.0,0.0,0.0,31.184869357731504,39.66230957148376,43.90102967835988,75.38866475801112,0.0,30.88210363581178,39.359543849564034,43.598263956440164,75.08589903609139,0.0,31.487635079651227,39.96507529340348,43.90102967835988,75.38866475801112,CleaningCycle,91.43524801975644
91.73801374167617,0.0,0.0,0.0,0.0,33.934747773018685,35.66304048167031,0.0,0.0,0.0,0.0,0.0,0.0,0.0,0.0,0.0,0.08058547973632812,0.021805989147090088,0.0,0.0,0.0,0.0,0.0,0.0,31.184869357731504,39.66230957148376,43.90102967835988,75.38866475801112,0.0,30.88210363581178,39.359543849564034,43.598263956440164,75.08589903609139,0.0,31.487635079651227,39.96507529340348,43.90102967835988,75.38866475801112,CleaningCycle,91.73801374167617
92.0407794635959,0.0,0.0,0.0,0.0,33.950461512092446,35.63967249979093,0.0,0.0,0.0,0.0,0.0,0.0,0.0,0.0,0.0,0.08058547973632812,0.059503742440817575,0.0,0.0,0.0,0.0,0.0,0.0,31.184869357731504,39.66230957148376,43.90102967835988,75.38866475801112,0.0,30.88210363581178,39.359543849564034,43.598263956440164,75.08589903609139,0.0,31.487635079651227,39.96507529340348,43.90102967835988,75.38866475801112,CleaningCycle,92.0407794635959
92.34354518551562,0.0,0.0,0.0,0.0,33.966125207461324,35.64220753973022,0.0,0.0,0.0,0.0,0.0,0.0,0.0,0.0,0.0,0.001460643625726732,0.020875362485327287,0.0,0.0,0.0,0.0,0.0,0.0,31.184869357731504,39.66230957148376,43.90102967835988,75.38866475801112,0.0,30.88210363581178,39.359543849564034,43.598263956440164,75.08589903609139,0.0,31.487635079651227,39.96507529340348,43.90102967835988,75.38866475801112,CleaningCycle,92.34354518551562
92.64631090743534,0.0,0.0,0.0,0.0,33.93483036192272,35.64709126596914,0.0,0.0,0.0,0.0,0.0,0.0,0.0,0.0,0.0,0.13822328017285912,0.0,0.0,0.0,0.0,0.0,0.0,0.0,31.184869357731504,39.66230957148376,43.90102967835988,75.38866475801112,0.0,30.88210363581178,39.359543849564034,43.598263956440164,75.08589903609139,0.0,31.487635079651227,39.96507529340348,43.90102967835988,75.38866475801112,CleaningCycle,92.64631090743534
92.94907662935506,0.0,0.0,0.0,0.0,33.91016173909388,35.69563818103681,0.0,0.0,0.0,0.0,0.0,0.0,0.0,0.0,0.0,0.16117095947265625,0.08058929443359375,0.0,0.0,0.0,0.0,0.0,0.0,31.184869357731504,39.66230957148376,43.90102967835988,75.38866475801112,0.0,30.88210363581178,39.359543849564034,43.598263956440164,75.08589903609139,0.0,31.487635079651227,39.96507529340348,43.90102967835988,75.38866475801112,CleaningCycle,92.94907662935506
93.25184235127479,0.0,0.0,0.0,0.0,33.9667863182588,35.67490833786427,0.0,0.0,0.0,0.0,0.0,0.0,0.0,0.0,0.0,0.04064842401594149,0.14032850914599493,0.0,0.0,0.0,0.0,0.0,0.0,31.184869357731504,39.66230957148376,43.90102967835988,75.38866475801112,0.0,30.88210363581178,39.359543849564034,43.598263956440164,75.08589903609139,0.0,31.487635079651227,39.96507529340348,43.90102967835988,75.38866475801112,CleaningCycle,93.25184235127479
93.55460807319452,0.0,0.0,0.0,0.0,33.97420939361734,35.638137212681784,0.0,0.0,0.0,0.0,0.0,0.0,0.0,0.0,0.0,0.10314618862774694,0.07985155745502936,0.0,0.0,0.0,0.0,0.0,0.0,31.184869357731504,39.66230957148376,43.90102967835988,75.38866475801112,0.0,30.88210363581178,39.359543849564034,43.598263956440164,75.08589903609139,0.0,31.487635079651227,39.96507529340348,43.90102967835988,75.38866475801112,CleaningCycle,93.55460807319452
93.85737379511424,0.0,0.0,0.0,0.0,33.99487445760646,35.630974971031776,0.0,0.0,0.0,0.0,0.0,0.0,0.0,0.0,0.0,0.025734179238419586,0.08058547973632812,0.0,0.0,0.0,0.0,0.0,0.0,31.184869357731504,39.66230957148376,43.90102967835988,75.38866475801112,0.0,30.88210363581178,39.359543849564034,43.598263956440164,75.08589903609139,0.0,31.487635079651227,39.96507529340348,43.90102967835988,75.38866475801112,CleaningCycle,93.85737379511424
94.16013951703395,0.0,0.0,0.0,0.0,33.95347021734189,35.593118813746344,0.0,0.0,0.0,0.0,0.0,0.0,0.0,0.0,0.0,0.045590380611798764,0.03568285842034413,0.0,0.0,0.0,0.0,0.0,0.0,31.184869357731504,39.66230957148376,43.90102967835988,75.38866475801112,0.0,30.88210363581178,39.359543849564034,43.598263956440164,75.08589903609139,0.0,31.487635079651227,39.96507529340348,43.90102967835988,75.38866475801112,CleaningCycle,94.16013951703395
94.46290523895368,0.0,0.0,0.0,0.0,33.96402215397491,35.62035032720485,0.0,0.0,0.0,0.0,0.0,0.0,0.0,0.0,0.0,0.056436261243746344,0.08058547973632812,0.0,0.0,0.0,0.0,0.0,0.0,31.184869357731504,39.66230957148376,43.90102967835988,75.38866475801112,0.0,30.88210363581178,39.359543849564034,43.598263956440164,75.08589903609139,0.0,31.487635079651227,39.96507529340348,43.90102967835988,75.38866475801112,CleaningCycle,94.46290523895368
94.76567096087341,0.0,0.0,0.0,0.0,33.95800398760893,35.64314597228404,0.0,0.0,0.0,0.0,0.0,0.0,0.0,0.0,0.0,0.09769434600363525,0.11051945610255132,0.0,0.0,0.0,0.0,0.0,0.0,31.184869357731504,39.66230957148376,43.90102967835988,75.38866475801112,0.0,30.88210363581178,39.359543849564034,43.598263956440164,75.08589903609139,0.0,31.487635079651227,39.96507529340348,43.90102967835988,75.38866475801112,CleaningCycle,94.76567096087341
95.06843668279313,0.0,0.0,0.0,0.0,33.92884365114378,35.64725449330507,0.0,0.0,0.0,0.0,0.0,0.0,0.0,0.0,0.0,0.08058547973632812,0.1296064483322681,0.0,0.0,0.0,0.0,0.0,0.0,31.184869357731504,39.66230957148376,43.90102967835988,75.38866475801112,0.0,30.88210363581178,39.359543849564034,43.598263956440164,75.08589903609139,0.0,31.487635079651227,39.96507529340348,43.90102967835988,75.38866475801112,CleaningCycle,95.06843668279313
95.37120240471285,0.0,0.0,0.0,0.0,33.97351792485597,35.6084752201016,0.0,0.0,0.0,0.0,0.0,0.0,0.0,0.0,0.0,0.09723174202616036,0.033514530592121616,0.0,0.0,0.0,0.0,0.0,0.0,31.184869357731504,39.66230957148376,43.90102967835988,75.38866475801112,0.0,30.88210363581178,39.359543849564034,43.598263956440164,75.08589903609139,0.0,31.487635079651227,39.96507529340348,43.90102967835988,75.38866475801112,CleaningCycle,95.37120240471285
95.67396812663257,0.0,0.0,0.0,0.0,33.90902427732242,35.572572598213796,0.0,0.0,0.0,0.0,0.0,0.0,0.0,0.0,0.0,0.014526621513319071,0.09420351138032856,0.0,0.0,0.0,0.0,0.0,0.0,31.184869357731504,39.66230957148376,43.90102967835988,75.38866475801112,0.0,30.88210363581178,39.359543849564034,43.598263956440164,75.08589903609139,0.0,31.487635079651227,39.96507529340348,43.90102967835988,75.38866475801112,CleaningCycle,95.67396812663257
95.9767338485523,0.0,0.0,0.0,0.0,33.942731454595396,35.644701075302166,0.0,0.0,0.0,0.0,0.0,0.0,0.0,0.0,0.0,0.06439689064874443,0.08058547973632812,0.0,0.0,0.0,0.0,0.0,0.0,31.184869357731504,39.66230957148376,43.90102967835988,75.38866475801112,0.0,30.88210363581178,39.359543849564034,43.598263956440164,75.08589903609139,0.0,31.487635079651227,39.96507529340348,43.90102967835988,75.38866475801112,CleaningCycle,95.9767338485523
96.27949957047203,0.0,0.0,0.0,0.0,33.927841585400856,35.689118602168094,0.0,0.0,0.0,0.0,0.0,0.0,0.0,0.0,0.0,0.019160854134035787,0.12775001744746817,0.0,0.0,0.0,0.0,0.0,0.0,31.184869357731504,39.66230957148376,43.90102967835988,75.38866475801112,0.0,30.88210363581178,39.359543849564034,43.598263956440164,75.08589903609139,0.0,31.487635079651227,39.96507529340348,43.90102967835988,75.38866475801112,CleaningCycle,96.27949957047203
96.58226529239174,0.0,0.0,0.0,0.0,33.93557111606796,35.66867281890764,0.0,0.0,0.0,0.0,0.0,0.0,0.0,0.0,0.0,0.06534550096862546,0.10027390853257856,0.0,0.0,0.0,0.0,0.0,0.0,31.184869357731504,39.66230957148376,43.90102967835988,75.38866475801112,0.0,30.88210363581178,39.359543849564034,43.598263956440164,75.08589903609139,0.0,31.487635079651227,39.96507529340348,43.90102967835988,75.38866475801112,CleaningCycle,96.58226529239174
96.88503101431147,0.0,0.0,0.0,0.0,33.96552767636826,35.60993773996183,0.0,0.0,0.0,0.0,0.0,0.0,0.0,0.0,0.0,0.08058547973632812,0.028802778412348573,0.0,0.0,0.0,0.0,0.0,0.0,31.184869357731504,39.66230957148376,43.90102967835988,75.38866475801112,0.0,30.88210363581178,39.359543849564034,43.598263956440164,75.08589903609139,0.0,31.487635079651227,39.96507529340348,43.90102967835988,75.38866475801112,CleaningCycle,96.88503101431147
97.18779673623119,0.0,0.0,0.0,0.0,33.930251933366165,35.61153879527573,0.0,0.0,0.0,0.0,0.0,0.0,0.0,0.0,0.0,0.11849867918466828,0.06607386507159418,0.0,0.0,0.0,0.0,0.0,0.0,31.184869357731504,39.66230957148376,43.90102967835988,75.38866475801112,0.0,30.88210363581178,39.359543849564034,43.598263956440164,75.08589903609139,0.0,31.487635079651227,39.96507529340348,43.90102967835988,75.38866475801112,CleaningCycle,97.18779673623119
97.49056245815092,0.0,0.0,0.0,0.0,33.90863830544829,35.64214020362002,0.0,0.0,0.0,0.0,0.0,0.0,0.0,0.0,0.0,0.012391362873124478,0.1482565886025995,0.0,0.0,0.0,0.0,0.0,0.0,31.184869357731504,39.66230957148376,43.90102967835988,75.38866475801112,0.0,30.88210363581178,39.359543849564034,43.598263956440164,75.08589903609139,0.0,31.487635079651227,39.96507529340348,43.90102967835988,75.38866475801112,CleaningCycle,97.49056245815092
97.79332818007065,0.0,0.0,0.0,0.0,33.92001735056692,35.63320957336016,0.0,0.0,0.0,0.0,0.0,0.0,0.0,0.0,0.0,0.08058547973632812,0.10660522874587741,0.0,0.0,0.0,0.0,0.0,0.0,31.184869357731504,39.66230957148376,43.90102967835988,75.38866475801112,0.0,30.88210363581178,39.359543849564034,43.598263956440164,75.08589903609139,0.0,31.487635079651227,39.96507529340348,43.90102967835988,75.38866475801112,CleaningCycle,97.79332818007065
98.09609390199036,0.0,0.0,0.0,0.0,33.96358552342109,35.6718867775791,0.0,0.0,0.0,0.0,0.0,0.0,0.0,0.0,0.0,0.02458049787993133,0.044400928911088045,0.0,0.0,0.0,0.0,0.0,0.0,31.184869357731504,39.66230957148376,43.90102967835988,75.38866475801112,0.0,30.88210363581178,39.359543849564034,43.598263956440164,75.08589903609139,0.0,31.487635079651227,39.96507529340348,43.90102967835988,75.38866475801112,CleaningCycle,98.09609390199036
98.39885962391008,0.0,0.0,0.0,0.0,33.95663153321164,35.62395577186605,0.0,0.0,0.0,0.0,0.0,0.0,0.0,0.0,0.0,0.13826363258539942,0.07981619872357015,0.0,0.0,0.0,0.0,0.0,0.0,31.184869357731504,39.66230957148376,43.90102967835988,75.38866475801112,0.0,30.88210363581178,39.359543849564034,43.598263956440164,75.08589903609139,0.0,31.487635079651227,39.96507529340348,43.90102967835988,75.38866475801112,CleaningCycle,98.39885962391008
98.70162534582981,0.0,0.0,0.0,0.0,33.96830028350646,35.67030707872609,0.0,0.0,0.0,0.0,0.0,0.0,0.0,0.0,0.0,0.16117095947265625,0.16117477416992188,0.0,0.0,0.0,0.0,0.0,0.0,31.184869357731504,39.66230957148376,43.90102967835988,75.38866475801112,0.0,30.88210363581178,39.359543849564034,43.598263956440164,75.08589903609139,0.0,31.487635079651227,39.96507529340348,43.90102967835988,75.38866475801112,CleaningCycle,98.70162534582981
99.00439106774954,0.0,0.0,0.0,0.0,33.94286493419857,35.636324185919705,0.0,0.0,0.0,0.0,0.0,0.0,0.0,0.0,0.0,0.09092208879782504,0.04930743739859622,0.0,0.0,0.0,0.0,0.0,0.0,31.184869357731504,39.66230957148376,43.90102967835988,75.38866475801112,0.0,30.88210363581178,39.359543849564034,43.598263956440164,75.08589903609139,0.0,31.487635079651227,39.96507529340348,43.90102967835988,75.38866475801112,CleaningCycle,99.00439106774954
99.30715678966925,0.0,0.0,0.0,0.0,33.95292681897739,35.589077620438005,0.0,0.0,0.0,0.0,0.0,0.0,0.0,0.0,0.0,0.09134158986206131,0.010685855408311795,0.0,0.0,0.0,0.0,0.0,0.0,31.184869357731504,39.66230957148376,43.90102967835988,75.38866475801112,0.0,30.88210363581178,39.359543849564034,43.598263956440164,75.08589903609139,0.0,31.487635079651227,39.96507529340348,43.90102967835988,75.38866475801112,CleaningCycle,99.30715678966925
99.60992251158898,0.0,0.0,0.0,0.0,33.968249231677035,35.68094747854252,0.0,0.0,0.0,0.0,0.0,0.0,0.0,0.0,0.0,0.039781494479115054,0.06750657707694785,0.0,0.0,0.0,0.0,0.0,0.0,31.184869357731504,39.66230957148376,43.90102967835988,75.38866475801112,0.0,30.88210363581178,39.359543849564034,43.598263956440164,75.08589903609139,0.0,31.487635079651227,39.96507529340348,43.90102967835988,75.38866475801112,CleaningCycle,99.60992251158898
99.9126882335087,0.0,0.0,0.0,0.0,33.999218524033445,35.667110455563844,0.0,0.0,0.0,0.0,0.0,0.0,0.0,0.0,0.0,0.0,0.13200773065548077,0.0,0.0,0.0,0.0,0.0,0.0,31.184869357731504,39.66230957148376,43.90102967835988,75.38866475801112,0.0,30.88210363581178,39.359543849564034,43.598263956440164,75.08589903609139,0.0,31.487635079651227,39.96507529340348,43.90102967835988,75.38866475801112,CleaningCycle,99.9126882335087
100.21545395542843,0.0,0.0,0.0,0.0,33.95964370215245,35.67724423892694,0.0,0.0,0.0,0.0,0.0,0.0,0.0,0.0,0.0,0.05677528227783313,0.15165817930437697,0.0,0.0,0.0,0.0,0.0,0.0,31.184869357731504,39.66230957148376,43.90102967835988,75.38866475801112,0.0,30.88210363581178,39.359543849564034,43.598263956440164,75.08589903609139,0.0,31.487635079651227,39.96507529340348,43.90102967835988,75.38866475801112,CleaningCycle,100.21545395542843
100.51821967734814,0.0,0.0,0.0,0.0,33.99830447175262,35.67887459610962,0.0,0.0,0.0,0.0,0.0,0.0,0.0,0.0,0.0,0.06375199660079289,0.083499547549863,0.0,0.0,0.0,0.0,0.0,0.0,31.184869357731504,39.66230957148376,43.90102967835988,75.38866475801112,0.0,30.88210363581178,39.359543849564034,43.598263956440164,75.08589903609139,0.0,31.487635079651227,39.96507529340348,43.90102967835988,75.38866475801112,CleaningCycle,100.51821967734814
100.82098539926787,0.0,0.0,0.0,0.0,33.95945736718079,35.664457983538476,0.0,0.0,0.0,0.0,0.0,0.0,0.0,0.0,0.0,0.07983301878000759,0.007256958708026673,0.0,0.0,0.0,0.0,0.0,0.0,31.184869357731504,39.66230957148376,43.90102967835988,75.38866475801112,0.0,30.88210363581178,39.359543849564034,43.598263956440164,75.08589903609139,0.0,31.487635079651227,39.96507529340348,43.90102967835988,75.38866475801112,CleaningCycle,100.82098539926787
101.1237511211876,0.0,0.0,0.0,0.0,33.95410626438423,35.6335826997439,0.0,0.0,0.0,0.0,0.0,0.0,0.0,0.0,0.0,0.08058547973632812,0.07302252474924842,0.0,0.0,0.0,0.0,0.0,0.0,31.184869357731504,39.66230957148376,43.90102967835988,75.38866475801112,0.0,30.88210363581178,39.359543849564034,43.598263956440164,75.08589903609139,0.0,31.487635079651227,39.96507529340348,43.90102967835988,75.38866475801112,CleaningCycle,101.1237511211876
101.42651684310732,0.0,0.0,0.0,0.0,33.96934025500199,35.66045337767382,0.0,0.0,0.0,0.0,0.0,0.0,0.0,0.0,0.0,0.14615800963521508,0.14616148981185972,0.0,0.0,0.0,0.0,0.0,0.0,31.184869357731504,39.66230957148376,43.90102967835988,75.38866475801112,0.0,30.88210363581178,39.359543849564034,43.598263956440164,75.08589903609139,0.0,31.487635079651227,39.96507529340348,43.90102967835988,75.38866475801112,CleaningCycle,101.42651684310732
101.72928256502705,0.0,0.0,0.0,0.0,33.98508192263425,35.69213000632403,0.0,0.0,0.0,0.0,0.0,0.0,0.0,0.0,0.0,0.06741888358879322,0.07428479673193067,0.0,0.0,0.0,0.0,0.0,0.0,31.184869357731504,39.66230957148376,43.90102967835988,75.38866475801112,0.0,30.88210363581178,39.359543849564034,43.598263956440164,75.08589903609139,0.0,31.487635079651227,39.96507529340348,43.90102967835988,75.38866475801112,CleaningCycle,101.72928256502705
102.03204828694676,0.0,0.0,0.0,0.0,34.00165100366776,35.635741513722664,0.0,0.0,0.0,0.0,0.0,0.0,0.0,0.0,0.0,0.08058547973632812,0.08117923209356093,0.0,0.0,0.0,0.0,0.0,0.0,31.184869357731504,39.66230957148376,43.90102967835988,75.38866475801112,0.0,30.88210363581178,39.359543849564034,43.598263956440164,75.08589903609139,0.0,31.487635079651227,39.96507529340348,43.90102967835988,75.38866475801112,CleaningCycle,102.03204828694676
102.33481400886649,0.0,0.0,0.0,0.0,33.988392305449445,35.64545062711626,0.0,0.0,0.0,0.0,0.0,0.0,0.0,0.0,0.0,0.006851333304759066,0.06792482475535166,0.0,0.0,0.0,0.0,0.0,0.0,31.184869357731504,39.66230957148376,43.90102967835988,75.38866475801112,0.0,30.88210363581178,39.359543849564034,43.598263956440164,75.08589903609139,0.0,31.487635079651227,39.96507529340348,43.90102967835988,75.38866475801112,CleaningCycle,102.33481400886649
102.63757973078621,0.0,0.0,0.0,0.0,33.89644790474452,35.64769686344816,0.0,0.0,0.0,0.0,0.0,0.0,0.0,0.0,0.0,0.14920573993351383,0.15559628234591116,0.0,0.0,0.0,0.0,0.0,0.0,31.184869357731504,39.66230957148376,43.90102967835988,75.38866475801112,0.0,30.88210363581178,39.359543849564034,43.598263956440164,75.08589903609139,0.0,31.487635079651227,39.96507529340348,43.90102967835988,75.38866475801112,CleaningCycle,102.63757973078621
102.94034545270594,0.0,0.0,0.0,0.0,33.93528901937577,35.67702092975583,0.0,0.0,0.0,0.0,0.0,0.0,0.0,0.0,0.0,0.07559117527468118,0.15118592882984672,0.0,0.0,0.0,0.0,0.0,0.0,31.184869357731504,39.66230957148376,43.90102967835988,75.38866475801112,0.0,30.88210363581178,39.359543849564034,43.598263956440164,75.08589903609139,0.0,31.487635079651227,39.96507529340348,43.90102967835988,75.38866475801112,CleaningCycle,102.94034545270594
103.24311117462565,0.0,0.0,0.0,0.0,33.93843909622778,35.694287621110234,0.0,0.0,0.0,0.0,0.0,0.0,0.0,0.0,0.0,0.08486778279732476,0.08536273673396266,0.0,0.0,0.0,0.0,0.0,0.0,31.184869357731504,39.66230957148376,43.90102967835988,75.38866475801112,0.0,30.88210363581178,39.359543849564034,43.598263956440164,75.08589903609139,0.0,31.487635079651227,39.96507529340348,43.90102967835988,75.38866475801112,CleaningCycle,103.24311117462565
103.54587689654538,0.0,0.0,0.0,0.0,33.96906346795778,35.64923451741026,0.0,0.0,0.0,0.0,0.0,0.0,0.0,0.0,0.0,0.15299174774786906,0.0040897994532045345,0.0,0.0,0.0,0.0,0.0,0.0,31.184869357731504,39.66230957148376,43.90102967835988,75.38866475801112,0.0,30.88210363581178,39.359543849564034,43.598263956440164,75.08589903609139,0.0,31.487635079651227,39.96507529340348,43.90102967835988,75.38866475801112,CleaningCycle,103.54587689654538
103.8486426184651,0.0,0.0,0.0,0.0,33.955188333586946,35.61623039939326,0.0,0.0,0.0,0.0,0.0,0.0,0.0,0.0,0.0,0.08361607589373676,0.2277829755665408,0.0,0.0,0.0,0.0,0.0,0.0,31.184869357731504,39.66230957148376,43.90102967835988,75.38866475801112,0.0,30.88210363581178,39.359543849564034,43.598263956440164,75.08589903609139,0.0,31.487635079651227,39.96507529340348,43.90102967835988,75.38866475801112,CleaningCycle,103.8486426184651
104.15140834038483,0.0,0.0,0.0,0.0,33.923372450314695,35.6460022733219,0.0,0.0,0.0,0.0,0.0,0.0,0.0,0.0,0.0,0.004651643612660905,0.15341931576207912,0.0,0.0,0.0,0.0,0.0,0.0,31.184869357731504,39.66230957148376,43.90102967835988,75.38866475801112,0.0,30.88210363581178,39.359543849564034,43.598263956440164,75.08589903609139,0.0,31.487635079651227,39.96507529340348,43.90102967835988,75.38866475801112,CleaningCycle,104.15140834038483
104.45417406230455,0.0,0.0,0.0,0.0,33.98550751790053,35.61522440470658,0.0,0.0,0.0,0.0,0.0,0.0,0.0,0.0,0.0,0.07402955060835836,0.07794605339283578,0.0,0.0,0.0,0.0,0.0,0.0,31.184869357731504,39.66230957148376,43.90102967835988,75.38866475801112,0.0,30.88210363581178,39.359543849564034,43.598263956440164,75.08589903609139,0.0,31.487635079651227,39.96507529340348,43.90102967835988,75.38866475801112,CleaningCycle,104.45417406230455
104.75693978422427,0.0,0.0,0.0,0.0,33.986497655504095,35.662194676096135,0.0,0.0,0.0,0.0,0.0,0.0,0.0,0.0,0.0,0.08597223930136266,0.15656870601992523,0.0,0.0,0.0,0.0,0.0,0.0,31.184869357731504,39.66230957148376,43.90102967835988,75.38866475801112,0.0,30.88210363581178,39.359543849564034,43.598263956440164,75.08589903609139,0.0,31.487635079651227,39.96507529340348,43.90102967835988,75.38866475801112,CleaningCycle,104.75693978422427
105.059705506144,0.0,0.0,0.0,0.0,34.01800704494018,35.63123103717559,0.0,0.0,0.0,0.0,0.0,0.0,0.0,0.0,0.0,0.0780153198154494,0.08199366298463673,0.0,0.0,0.0,0.0,0.0,0.0,31.184869357731504,39.66230957148376,43.90102967835988,75.38866475801112,0.0,30.88210363581178,39.359543849564034,43.598263956440164,75.08589903609139,0.0,31.487635079651227,39.96507529340348,43.90102967835988,75.38866475801112,CleaningCycle,105.059705506144
105.36247122806373,0.0,0.0,0.0,0.0,33.95639987097168,35.64711585539559,0.0,0.0,0.0,0.0,0.0,0.0,0.0,0.0,0.0,0.07957566810835459,0.15918546788042676,0.0,0.0,0.0,0.0,0.0,0.0,31.184869357731504,39.66230957148376,43.90102967835988,75.38866475801112,0.0,30.88210363581178,39.359543849564034,43.598263956440164,75.08589903609139,0.0,31.487635079651227,39.96507529340348,43.90102967835988,75.38866475801112,CleaningCycle,105.36247122806373
105.66523694998345,0.0,0.0,0.0,0.0,34.03433718390583,35.61481839717108,0.0,0.0,0.0,0.0,0.0,0.0,0.0,0.0,0.0,0.07857722019424074,0.08064871030580179,0.0,0.0,0.0,0.0,0.0,0.0,31.184869357731504,39.66230957148376,43.90102967835988,75.38866475801112,0.0,30.88210363581178,39.359543849564034,43.598263956440164,75.08589903609139,0.0,31.487635079651227,39.96507529340348,43.90102967835988,75.38866475801112,CleaningCycle,105.66523694998345
105.96800267190316,0.0,0.0,0.0,0.0,33.955275820556736,35.61486845968106,0.0,0.0,0.0,0.0,0.0,0.0,0.0,0.0,0.0,0.07925610642985248,0.0808507403556078,0.0,0.0,0.0,0.0,0.0,0.0,31.184869357731504,39.66230957148376,43.90102967835988,75.38866475801112,0.0,30.88210363581178,39.359543849564034,43.598263956440164,75.08589903609139,0.0,31.487635079651227,39.96507529340348,43.90102967835988,75.38866475801112,CleaningCycle,105.96800267190316
106.27076839382289,0.0,0.0,0.0,0.0,33.93866689769329,35.70999205385754,0.0,0.0,0.0,0.0,0.0,0.0,0.0,0.0,0.0,0.08159437616175325,0.08058929443359375,0.0,0.0,0.0,0.0,0.0,0.0,31.184869357731504,39.66230957148376,43.90102967835988,75.38866475801112,0.0,30.88210363581178,39.359543849564034,43.598263956440164,75.08589903609139,0.0,31.487635079651227,39.96507529340348,43.90102967835988,75.38866475801112,CleaningCycle,106.27076839382289
